Bio Model File
v1.00
0
93
h_waist
  1.000000    0.000000    0.000000
  0.000000    1.000000    0.000000
  0.000000    0.000000    1.000000
  0.000000    0.000000    0.000000
left_foot_plate
  1.000000    0.000000    0.000000
  0.000000    1.000000    0.000000
  0.000000    0.000000    1.000000
  0.000000    0.000000    0.000000
right_foot_plate
  1.000000    0.000000    0.000000
  0.000000    1.000000    0.000000
  0.000000    0.000000    1.000000
  0.000000    0.000000    0.000000
h_torso_2
  1.000000    0.000000    0.000000
  0.000000    1.000000    0.000000
  0.000000    0.000000    1.000000
  0.000000    2.799041    0.793824
h_left_up_leg
  0.999512    0.031234    0.000000
  -0.031219    0.999013    -0.031589
  -0.000987    0.031573    0.999501
  3.076066    -1.399521    0.992279
h_right_up_leg
  0.999512    -0.031235    -0.000001
  0.031220    0.999013    -0.031589
  0.000987    0.031573    0.999501
  -3.076066    -1.399521    0.992279
h_torso_3
  1.000000    0.000000    0.000000
  0.000000    1.000000    0.000000
  0.000000    0.000000    1.000000
  0.000000    2.599109    0.198456
h_left_low_leg
  0.999854    -0.017068    -0.000001
  0.017043    0.998419    -0.053556
  0.000915    0.053549    0.998565
  0.000026    -17.678452    -0.000002
h_right_low_leg
  0.999854    0.017066    -0.000001
  -0.017042    0.998419    -0.053556
  -0.000913    0.053548    0.998565
  -0.000021    -17.713039    0.000026
h_torso_4
  1.000000    0.000000    0.000000
  0.000000    1.000000    0.000000
  0.000000    0.000000    1.000000
  0.000000    2.639096    -0.150826
h_left_foot
  0.999899    -0.014218    0.000464
  0.014127    0.996275    0.085063
  -0.001671    -0.085048    0.996376
  -0.000014    -16.556499    0.000023
h_right_foot
  0.999899    0.014219    -0.000464
  -0.014128    0.996276    0.085062
  0.001672    -0.085046    0.996376
  0.000029    -16.556499    0.000028
h_torso_5
  1.000000    0.000000    0.000000
  0.000000    1.000000    0.000000
  0.000000    0.000000    1.000000
  0.000000    2.799041    -0.404850
h_left_toes
  1.000000    0.000000    0.000000
  0.000000    1.000000    0.000000
  0.000000    0.000000    1.000000
  0.226436    -2.518994    4.683707
h_right_toes
  1.000000    0.000000    0.000000
  0.000000    1.000000    0.000000
  0.000000    0.000000    1.000000
  -0.226456    -2.519003    4.683663
h_torso_6
  1.000000    0.000000    0.000000
  0.000000    1.000000    0.000000
  0.000000    0.000000    1.000000
  0.000000    2.879014    -0.357221
h_torso_7
  1.000000    0.000000    0.000000
  0.000000    1.000000    0.000000
  0.000000    0.000000    1.000000
  0.000000    2.399178    -0.214332
h_neck_1
  1.000000    0.000000    0.000000
  0.000000    1.000000    0.000000
  0.000000    0.000000    1.000000
  0.000000    1.599837    0.635059
h_left_shoulder
  1.000000    0.000000    0.000000
  0.000000    1.000000    0.000000
  0.000000    0.000000    1.000000
  1.984559    0.999898    0.531862
h_right_shoulder
  1.000000    0.000000    0.000000
  0.000000    1.000000    0.000000
  0.000000    0.000000    1.000000
  -1.984559    0.999898    0.531862
h_neck_2
  1.000000    0.000000    0.000000
  0.000000    1.000000    0.000000
  0.000000    0.000000    1.000000
  0.000000    2.178947    0.412788
h_left_up_arm
  0.107309    -0.985446    0.131836
  0.994226    0.106362    -0.014229
  0.000000    0.132601    0.991169
  3.186360    -0.615624    0.000000
h_right_up_arm
  0.107309    0.985446    -0.131836
  -0.994226    0.106362    -0.014229
  0.000000    0.132601    0.991169
  -3.186360    -0.615621    0.000000
h_head
  1.000000    0.000000    0.000000
  0.000000    1.000000    0.000000
  0.000000    0.000000    1.000000
  0.000000    3.268421    0.238147
h_left_low_arm
  0.965801    -0.016052    0.258785
  -0.018863    0.991087    0.131873
  -0.258596    -0.132244    0.956891
  0.000013    -11.236758    -0.000012
  -10.980000
  0.000000  1.000000  0.000000
h_right_low_arm
  0.965801    0.016047    -0.258786
  0.018868    0.991087    0.131871
  0.258596    -0.132244    0.956891
  0.000039    -11.236758    -0.000012
  -10.980000
  0.000000  1.000000  0.000000
h_left_wrist
  0.965926    0.000000    -0.258818
  0.000000    1.000000    0.000000
  0.258818    0.000000    0.965926
  -0.000124    -10.723822    -0.000002
h_right_wrist
  0.965926    0.000000    0.258819
  0.000000    1.000000    0.000000
  -0.258819    0.000000    0.965926
  0.000033    -10.723822    0.000023
h_left_hand
  1.000000    0.000000    0.000000
  0.000000    1.000000    0.000000
  0.000000    0.000000    1.000000
  0.000000    0.000036    -0.000007
h_right_hand
  1.000000    0.000000    0.000000
  0.000000    1.000000    0.000000
  0.000000    0.000000    1.000000
  0.000002    0.000034    -0.000007
h_left_mcarpal_2
  0.999922    -0.012466    -0.000000
  0.012413    0.995615    0.092719
  -0.001156    -0.092711    0.995692
  0.000000    -0.000059    0.375044
h_left_mcarpal_3
  0.999200    -0.039990    -0.000000
  0.039943    0.998007    -0.048849
  0.001954    0.048810    0.998806
  -0.000031    0.000002    0.000044
h_left_mcarpal_4
  0.999394    -0.034789    -0.000740
  0.034178    0.985400    -0.166788
  0.006532    0.166662    0.985992
  0.000021    -0.000002    -0.374955
h_left_mcarpal_5
  0.999961    0.006040    0.006408
  -0.004195    0.966527    -0.256531
  -0.007743    0.256494    0.966515
  -0.000023    -0.000040    -0.749960
h_left_up_fing_1
  0.015619    0.374082    -0.927264
  0.342002    0.869443    0.356516
  0.939569    -0.322695    -0.114357
  -0.097170    -0.650055    1.321870
h_left_club
  1.000000    0.000000    0.000000
  0.000000    1.000000    0.000000
  0.000000    0.000000    1.000000
  -0.000021    0.000028    0.000010
h_right_mcarpal_2
  0.999922    0.012466    0.000000
  -0.012413    0.995615    0.092719
  0.001156    -0.092711    0.995692
  0.000002    -0.000049    0.375045
h_right_mcarpal_3
  0.999200    0.039990    0.000000
  -0.039943    0.998007    -0.048849
  -0.001953    0.048810    0.998806
  0.000033    0.000007    0.000044
h_right_mcarpal_4
  0.999394    0.034789    0.000740
  -0.034178    0.985400    -0.166788
  -0.006532    0.166662    0.985992
  -0.000021    0.000001    -0.374955
h_right_mcarpal_5
  0.999961    -0.006040    -0.006408
  0.004195    0.966527    -0.256531
  0.007743    0.256494    0.966515
  0.000024    -0.000034    -0.749959
h_right_up_fing_1
  0.015619    -0.374082    0.927264
  -0.342002    0.869443    0.356516
  -0.939569    -0.322695    -0.114357
  0.097173    -0.650044    1.321870
h_right_club
  1.000000    0.000000    0.000000
  0.000000    1.000000    0.000000
  0.000000    0.000000    1.000000
  0.000021    0.000038    0.000010
h_left_up_fing_2
  0.798706    0.600977    0.029918
  -0.601207    0.799091    -0.001602
  -0.024871    -0.016707    0.999551
  0.000029    -3.887070    0.000018
h_left_up_fing_3
  0.500737    0.865599    -0.000037
  -0.863554    0.499552    -0.068720
  -0.059466    0.034442    0.997636
  0.000031    -3.971320    -0.000021
h_left_up_fing_4
  0.245577    0.969364    0.004970
  -0.968110    0.245515    -0.049851
  -0.049544    0.007431    0.998744
  0.000034    -3.717000    0.000006
h_left_up_fing_5
  0.462933    0.875284    0.139897
  -0.865457    0.480434    -0.142012
  -0.191512    -0.055333    0.979929
  -0.000004    -3.298140    -0.000035
h_left_mid_fing_1
  0.933853    0.357656    0.000000
  -0.357656    0.933853    0.000000
  0.000000    0.000000    1.000000
  -0.000045    -1.966680    -0.000015
h_left_grip
  1.000000    0.000000    0.000000
  0.000000    1.000000    0.000000
  0.000000    0.000000    1.000000
  0.000000    0.000000    0.000000
h_right_up_fing_2
  0.798706    -0.600977    -0.029918
  0.601207    0.799091    -0.001602
  0.024871    -0.016707    0.999551
  -0.000030    -3.887080    0.000017
h_right_up_fing_3
  0.500737    -0.865599    0.000037
  0.863554    0.499551    -0.068720
  0.059466    0.034442    0.997636
  -0.000033    -3.971320    -0.000021
h_right_up_fing_4
  0.245577    -0.969364    -0.004970
  0.968110    0.245515    -0.049851
  0.049544    0.007431    0.998744
  -0.000032    -3.717000    0.000006
h_right_up_fing_5
  0.462933    -0.875284    -0.139897
  0.865457    0.480434    -0.142012
  0.191512    -0.055333    0.979929
  0.000004    -3.298140    -0.000034
h_right_mid_fing_1
  0.933853    -0.357656    0.000000
  0.357656    0.933853    0.000000
  0.000000    0.000000    1.000000
  0.000049    -1.966690    -0.000019
h_right_grip
  1.000000    0.000000    0.000000
  0.000000    1.000000    0.000000
  0.000000    0.000000    1.000000
  0.000000    0.000000    0.000000
h_left_mid_fing_2
  0.568493    0.822688    0.000000
  -0.822688    0.568493    0.000000
  0.000000    0.000000    1.000000
  -0.000015    -1.677910    -0.000021
h_left_mid_fing_3
  0.484443    0.874823    0.000000
  -0.874823    0.484443    0.000000
  0.000000    0.000000    1.000000
  0.000038    -1.558700    0.000046
h_left_mid_fing_4
  0.424651    0.905357    0.000000
  -0.905357    0.424651    0.000000
  0.000000    0.000000    1.000000
  -0.000038    -1.558410    -0.000021
h_left_mid_fing_5
  0.165955    0.986133    0.000000
  -0.986133    0.165955    0.000000
  0.000000    0.000000    1.000000
  0.000038    -1.186700    -0.000032
h_left_low_fing_1
  1.000000    0.000000    0.000000
  0.000000    1.000000    0.000000
  0.000000    0.000000    1.000000
  0.000011    -0.864931    0.000032
h_right_mid_fing_2
  0.568493    -0.822688    0.000000
  0.822688    0.568493    0.000000
  0.000000    0.000000    1.000000
  0.000015    -1.677910    -0.000020
h_right_mid_fing_3
  0.484443    -0.874823    0.000000
  0.874823    0.484443    0.000000
  0.000000    0.000000    1.000000
  -0.000038    -1.558700    0.000045
h_right_mid_fing_4
  0.424651    -0.905357    0.000000
  0.905357    0.424651    0.000000
  0.000000    0.000000    1.000000
  0.000033    -1.558410    -0.000021
h_right_mid_fing_5
  0.165955    -0.986133    0.000000
  0.986133    0.165955    0.000000
  0.000000    0.000000    1.000000
  -0.000037    -1.186700    -0.000035
h_right_low_fing_1
  1.000000    0.000000    0.000000
  0.000000    1.000000    0.000000
  0.000000    0.000000    1.000000
  -0.000012    -0.864931    0.000031
h_left_low_fing_2
  1.000000    0.000000    0.000000
  0.000000    1.000000    0.000000
  0.000000    0.000000    1.000000
  -0.000050    -0.934877    -0.000005
h_left_low_fing_3
  1.000000    0.000000    0.000000
  0.000000    1.000000    0.000000
  0.000000    0.000000    1.000000
  -0.000044    -1.212770    -0.000036
h_left_low_fing_4
  1.000000    0.000000    0.000000
  0.000000    1.000000    0.000000
  0.000000    0.000000    1.000000
  0.000051    -0.946373    0.000048
h_left_low_fing_5
  1.000000    0.000000    0.000000
  0.000000    1.000000    0.000000
  0.000000    0.000000    1.000000
  -0.000041    -0.741287    -0.000042
h_right_low_fing_2
  1.000000    0.000000    0.000000
  0.000000    1.000000    0.000000
  0.000000    0.000000    1.000000
  0.000045    -0.934876    -0.000006
h_right_low_fing_3
  1.000000    0.000000    0.000000
  0.000000    1.000000    0.000000
  0.000000    0.000000    1.000000
  0.000039    -1.212770    -0.000036
h_right_low_fing_4
  1.000000    0.000000    0.000000
  0.000000    1.000000    0.000000
  0.000000    0.000000    1.000000
  -0.000049    -0.946374    0.000049
h_right_low_fing_5
  1.000000    0.000000    0.000000
  0.000000    1.000000    0.000000
  0.000000    0.000000    1.000000
  0.000038    -0.741285    -0.000040
club
  1.000000    0.000000    0.000000
  0.000000    1.000000    0.000000
  0.000000    0.000000    1.000000
  0.000000    0.000000    0.000000
shaft_1
  1.000000    0.000000    0.000000
  0.000000    1.000000    0.000000
  0.000000    0.000000    1.000000
  0.000000    -10.500000    0.000042
shaft_2
  1.000000    0.000000    0.000000
  0.000000    1.000000    0.000000
  0.000000    0.000000    1.000000
  0.000000    -3.936793    0.000000
shaft_3
  1.000000    0.000000    0.000000
  0.000000    1.000000    0.000000
  0.000000    0.000000    1.000000
  0.000000    -3.936793    0.000000
shaft_4
  1.000000    0.000000    0.000000
  0.000000    1.000000    0.000000
  0.000000    0.000000    1.000000
  0.000000    -3.936793    0.000000
shaft_5
  1.000000    0.000000    0.000000
  0.000000    1.000000    0.000000
  0.000000    0.000000    1.000000
  0.000000    -3.936793    0.000000
shaft_6
  1.000000    0.000000    0.000000
  0.000000    1.000000    0.000000
  0.000000    0.000000    1.000000
  0.000000    -3.936793    0.000000
shaft_7
  1.000000    0.000000    0.000000
  0.000000    1.000000    0.000000
  0.000000    0.000000    1.000000
  0.000000    -3.936783    0.000000
shaft_8
  1.000000    0.000000    0.000000
  0.000000    1.000000    0.000000
  0.000000    0.000000    1.000000
  0.000000    -3.936793    0.000000
length
  1.000000    0.000000    0.000000
  0.000000    1.000000    0.000000
  0.000000    0.000000    1.000000
  0.000000    -3.936773    0.000000
hosel
  1.000000    0.000000    0.000000
  0.000000    1.000000    0.000000
  0.000000    0.000000    1.000000
  -0.000000    -1.500000    -0.000000
shafttemp_1
  0.999971    0.000000    -0.007561
  0.000000    1.000000    0.000000
  0.007561    0.000000    0.999971
  0.262617    0.197970    0.001986
shafttemp_2
  0.999971    0.000000    -0.007561
  0.000000    1.000000    0.000000
  0.007561    0.000000    0.999971
  -0.262617    0.197970    -0.001986
lie
  1.000000    0.000000    0.000000
  0.000000    0.848002    -0.529992
  0.000000    0.529992    0.848002
  0.012634    0.000000    0.000000
loft
  0.987138    -0.159872    0.000000
  0.159872    0.987138    0.000000
  0.000000    0.000000    1.000000
  0.600000    -1.321000    0.856753
clubface
  1.000000    0.000000    0.000000
  0.000000    1.000000    0.000000
  0.000000    0.000000    1.000000
  0.065000    0.993125    1.082048
lofttemp
  1.000000    0.000000    0.000000
  0.000000    1.000000    0.000000
  0.000000    0.000000    1.000000
  0.000000    0.000000    0.000000
clubfacetemp_1
  1.000000    0.000000    0.000000
  0.000000    1.000000    0.000000
  0.000000    0.000000    1.000000
  0.000000    0.102607    0.000000
clubfacetemp_2
  1.000000    0.000000    0.000000
  0.000000    1.000000    0.000000
  0.000000    0.000000    1.000000
  0.000000    -0.155097    0.000000
clubfacetemp_3
  1.000000    0.000000    0.000000
  0.000000    1.000000    0.000000
  0.000000    0.000000    1.000000
  0.000000    0.000000    0.123826
ball
  1.000000    0.000000    0.000000
  0.000000    1.000000    0.000000
  0.000000    0.000000    1.000000
  0.000000    0.000000    0.000000
34
  1   -1.86192   4.97151   1.25298
  2   2.30292   5.11698   0.912867
  3   0.370194   3.80946   -2.76673
  4   -3.7774   1.44794   0.318988
  5   3.90196   1.47545   -0.0805733
  6   2.02826   -0.955616   -3.05056
  7   -0.0723809   1.0121   -2.50361
  8   -3.47334   -0.935672   -2.50757
  9   1.96162   2.41672   -4.08436
  10   -2.41531   2.3855   -3.963
  11   -7.12053   3.22976   1.69953
  12   7.38513   2.73834   2.48412
  13   2.59993   3.38878   -2.45284
  14   -2.30844   2.74283   -2.72239
  15   -3.59131   -0.251793   0.335984
  16   -0.300548   -2.35343   2.02164
  17   0.0668939   -2.14639   2.23128
  18   3.59672   0.349451   0.260532
  19   0.19777   -1.50338   -3.79363
  20   -2.24585   -1.96034   2.02142
  21   0.210838   1.02493   2.50864
  22   -0.125461   1.12001   2.45299
  23   1.96933   -1.8768   2.00663
  24   -0.124151   -1.5168   -3.76628
  25   -2.74161   0.0854604   -0.68261
  26   2.5725   -0.0124142   -0.123626
  27   -1.20659   0.945747   0.412811
  28   1.17741   1.05443   0.100776
           29   1.114800      -0.196637      -1.612890
           30   0.990564     -10.148700      -1.709850
           31   0.196748     -10.262900       1.987450
           32   0.211833       1.108650      -2.407370
           33  -3.451260       1.062940      -0.122265
           34  -0.363586       1.149430       1.748460
0
0
10
           35  -0.002947       6.393990       0.632690
           36   0.002657       9.000270       0.754025
           37   1.111510      -1.543430      -0.847203
           38   3.210190      -0.543536      -0.139724
           39  -1.200320      -1.504860      -0.709257
           40  -3.166230      -0.504961      -0.208041
           41  -0.041815       9.629170       1.486960
           42   0.039075       6.350130       1.301850
  43   0   0   0
  44   0   0   0
  45   0   -30   0
  46   0   -30   0
  47   -20   -30   0
  48   -20   -30   0
  49   0   0   0
  50   0   0   0
  51   0   -30   0
  52   0   -30   0
  53   -20   -30   0
  54   -20   -30   0
