Bio Model File
v1.00
0
18
club
  1.000000    0.000000    0.000000
  0.000000    1.000000    0.000000
  0.000000    0.000000    1.000000
  0.000000    0.000000    0.000000
length
  1.000000    0.000000    0.000000
  0.000000    1.000000    0.000000
  0.000000    0.000000    1.000000
  -0.000000    -30.787931    -0.000000
left_grip
  1.000000    0.000000    0.000000
  0.000000    1.000000    0.000000
  0.000000    0.000000    1.000000
  0.000000    0.000000    0.000000
right_grip
  1.000000    0.000000    0.000000
  0.000000    1.000000    0.000000
  0.000000    0.000000    1.000000
  0.000000    0.000000    0.000000
left_grip2
  1.000000    0.000000    0.000000
  0.000000    1.000000    0.000000
  0.000000    0.000000    1.000000
  0.000000    0.000000    0.000000
right_grip2
  1.000000    0.000000    0.000000
  0.000000    1.000000    0.000000
  0.000000    0.000000    1.000000
  0.000000    0.000000    0.000000
lie
  1.000000    0.000000    0.000000
  0.000000    1.000000    0.000000
  0.000000    0.000000    1.000000
  -0.190199    -0.861067    -0.000004
shafttemp_1
  0.999372    0.000000    -0.035442
  0.000000    1.000000    0.000000
  0.035442    0.000000    0.999372
  0.197602    -0.704710    0.007008
shafttemp_2
  0.999372    0.000000    -0.035442
  0.000000    1.000000    0.000000
  0.035442    0.000000    0.999372
  -0.197602    -0.704710    -0.007008
offset
  1.000000    0.000000    0.000000
  0.000000    0.946239    -0.323469
  0.000000    0.323469    0.946239
  0.000000    0.000014    -0.000020
hosel
  1.000000    0.000000    0.000000
  0.000000    0.999959    -0.009094
  0.000000    0.009094    0.999959
  -0.100000    -2.269970    0.000003
putter_head
  1.000000    0.000000    0.000000
  0.000000    1.000000    0.000000
  0.000000    0.000000    1.000000
  0.000000    -0.879986    1.491023
loft
  0.998583    -0.053211    0.000000
  0.053211    0.998583    0.000000
  0.000000    0.000000    1.000000
  0.000000    -0.000004    -0.000001
clubface
  1.000000    0.000000    0.000000
  0.000000    1.000000    0.000000
  0.000000    0.000000    1.000000
  -0.000000    0.450000    0.000001
clubfacetemp_1
  1.000000    0.000000    0.000000
  0.000000    1.000000    0.000000
  0.000000    0.000000    1.000000
  0.000000    0.411057    0.000000
clubfacetemp_2
  1.000000    0.000000    0.000000
  0.000000    1.000000    0.000000
  0.000000    0.000000    1.000000
  0.000000    -0.479400    0.000000
clubfacetemp_3
  1.000000    0.000000    0.000000
  0.000000    1.000000    0.000000
  0.000000    0.000000    1.000000
  0.000000    0.000000    0.371070
ball
  1.000000    0.000000    0.000000
  0.000000    1.000000    0.000000
  0.000000    0.000000    1.000000
  0.000000    0.000000    0.000000
5
  1   1.25147   -14.1817   0.921911
  2   -1.82556   -14.1562   0.387551
  3   -0.248081   0.474457   -2.37513
  4   -0.396602   0.251049   2.35406
            5   0.000000       0.000000       0.000000
0
0
0
