Bio Model File
v1.00
0
88
h_waist
  1.000000    0.000000    0.000000
  0.000000    1.000000    0.000000
  0.000000    0.000000    1.000000
  0.000000    0.000000    0.000000
h_torso_2
  1.000000    0.000000    0.000000
  0.000000    1.000000    0.000000
  0.000000    0.000000    1.000000
  0.000000    3.135012    1.000319
h_left_up_leg
  0.999512    0.031234    0.000000
  -0.031219    0.999013    -0.031589
  -0.000987    0.031573    0.999501
  3.875017    -1.567506    1.250399
h_right_up_leg
  0.999512    -0.031235    -0.000001
  0.031220    0.999013    -0.031589
  0.000987    0.031573    0.999501
  -3.875017    -1.567506    1.250399
h_torso_3
  1.000000    0.000000    0.000000
  0.000000    1.000000    0.000000
  0.000000    0.000000    1.000000
  0.000000    2.911083    0.250080
h_left_low_leg
  0.999854    -0.017068    -0.000001
  0.017043    0.998419    -0.053556
  0.000915    0.053549    0.998565
  0.000033    -18.658377    -0.000003
h_right_low_leg
  0.999854    0.017066    -0.000001
  -0.017042    0.998419    -0.053556
  -0.000913    0.053548    0.998565
  -0.000026    -18.694883    0.000033
h_torso_4
  1.000000    0.000000    0.000000
  0.000000    1.000000    0.000000
  0.000000    0.000000    1.000000
  0.000000    2.955868    -0.190061
h_left_foot
  0.999899    -0.014218    0.000464
  0.014127    0.996275    0.085063
  -0.001671    -0.085048    0.996376
  -0.000017    -18.801565    0.000028
h_right_foot
  0.999899    0.014219    -0.000464
  -0.014128    0.996276    0.085062
  0.001672    -0.085046    0.996376
  0.000035    -18.801565    0.000033
h_torso_5
  1.000000    0.000000    0.000000
  0.000000    1.000000    0.000000
  0.000000    0.000000    1.000000
  0.000000    3.135012    -0.510163
h_left_toes
  1.000000    0.000000    0.000000
  0.000000    1.000000    0.000000
  0.000000    0.000000    1.000000
  0.249942    -2.780481    5.307620
h_right_toes
  1.000000    0.000000    0.000000
  0.000000    1.000000    0.000000
  0.000000    0.000000    1.000000
  -0.249964    -2.780491    5.307570
h_torso_6
  1.000000    0.000000    0.000000
  0.000000    1.000000    0.000000
  0.000000    0.000000    1.000000
  0.000000    3.224584    -0.450143
h_torso_7
  1.000000    0.000000    0.000000
  0.000000    1.000000    0.000000
  0.000000    0.000000    1.000000
  0.000000    2.687153    -0.270086
h_neck_1
  1.000000    0.000000    0.000000
  0.000000    1.000000    0.000000
  0.000000    0.000000    1.000000
  0.000000    1.722327    0.800255
h_left_shoulder
  1.000000    0.000000    0.000000
  0.000000    1.000000    0.000000
  0.000000    0.000000    1.000000
  2.500011    1.076454    0.670214
h_right_shoulder
  1.000000    0.000000    0.000000
  0.000000    1.000000    0.000000
  0.000000    0.000000    1.000000
  -2.500011    1.076454    0.670214
h_neck_2
  1.000000    0.000000    0.000000
  0.000000    1.000000    0.000000
  0.000000    0.000000    1.000000
  0.000000    2.336663    0.520166
h_left_up_arm
  0.107309    -0.985446    0.131836
  0.994226    0.106362    -0.014229
  0.000000    0.132601    0.991169
  4.013958    -0.662758    0.000000
h_right_up_arm
  0.107309    0.985446    -0.131836
  -0.994226    0.106362    -0.014229
  0.000000    0.132601    0.991169
  -4.013958    -0.662756    0.000000
h_head
  1.000000    0.000000    0.000000
  0.000000    1.000000    0.000000
  0.000000    0.000000    1.000000
  0.000000    3.504994    0.300096
h_left_low_arm
  0.965801    -0.016052    0.258785
  -0.018863    0.991087    0.131873
  -0.258596    -0.132244    0.956891
  0.000016    -12.331016    -0.000015
  -10.980000
  0.000000  1.000000  0.000000
h_right_low_arm
  0.965801    0.016047    -0.258786
  0.018868    0.991087    0.131871
  0.258596    -0.132244    0.956891
  0.000049    -12.331016    -0.000015
  -10.980000
  0.000000  1.000000  0.000000
h_left_wrist
  0.965926    0.000000    -0.258819
  0.000000    1.000000    0.000000
  0.258819    0.000000    0.965926
  -0.000036    -11.302568    0.000030
h_right_wrist
  0.965926    0.000000    0.258819
  0.000000    1.000000    0.000000
  -0.258819    0.000000    0.965926
  0.000042    -11.302568    0.000029
h_left_hand
  1.000000    0.000000    0.000000
  0.000000    1.000000    0.000000
  0.000000    0.000000    1.000000
  -0.000016    -0.000006    -0.000035
h_right_hand
  1.000000    0.000000    0.000000
  0.000000    1.000000    0.000000
  0.000000    0.000000    1.000000
  0.000002    0.000034    -0.000007
h_left_mcarpal_2
  1.000000    0.000000    0.000000
  0.000000    1.000000    0.000000
  0.000000    0.000000    1.000000
  -0.000005    -0.000022    0.374985
h_left_mcarpal_3
  1.000000    0.000000    0.000000
  0.000000    1.000000    0.000000
  0.000000    0.000000    1.000000
  0.000046    0.000024    0.000007
h_left_mcarpal_4
  1.000000    0.000000    0.000000
  0.000000    1.000000    0.000000
  0.000000    0.000000    1.000000
  0.000005    -0.000029    -0.374985
h_left_mcarpal_5
  1.000000    0.000000    0.000000
  0.000000    1.000000    0.000000
  0.000000    0.000000    1.000000
  -0.000015    0.000049    -0.750028
h_left_up_fing_1
  -0.115499    -0.042579    -0.992395
  0.304517    0.949456    -0.076177
  0.945478    -0.311000    -0.096696
  -0.754909    -0.861028    1.035100
h_left_club
  0.986062    -0.009501    0.166108
  -0.081835    0.841560    0.533928
  -0.144862    -0.540080    0.829053
  -0.984645    -0.134509    -1.606020
h_right_mcarpal_2
  1.000000    0.000000    0.000000
  0.000000    1.000000    0.000000
  0.000000    0.000000    1.000000
  0.000002    -0.000049    0.375045
h_right_mcarpal_3
  1.000000    0.000000    0.000000
  0.000000    1.000000    0.000000
  0.000000    0.000000    1.000000
  0.000033    0.000007    0.000044
h_right_mcarpal_4
  1.000000    0.000000    0.000000
  0.000000    1.000000    0.000000
  0.000000    0.000000    1.000000
  -0.000021    0.000001    -0.374955
h_right_mcarpal_5
  1.000000    0.000000    0.000000
  0.000000    1.000000    0.000000
  0.000000    0.000000    1.000000
  0.000024    -0.000034    -0.749959
h_right_up_fing_1
  0.152851    0.026463    0.987895
  -0.198021    0.980188    0.004382
  -0.968207    -0.196293    0.155063
  0.591663    -0.396227    0.872921
h_right_club
  0.955506    0.294311    -0.019716
  -0.242491    0.821809    0.515585
  0.167945    -0.487864    0.856611
  2.982420    2.569740    -2.612090
h_left_up_fing_2
  0.945232    0.321579    -0.055887
  -0.326083    0.937902    -0.118365
  0.014353    0.130106    0.991396
  0.145092    -3.809990    0.895253
h_left_up_fing_3
  0.591642    0.805678    -0.029027
  -0.541936    0.370794    -0.754200
  -0.596879    0.461947    0.656003
  0.344471    -3.999390    0.392569
h_left_up_fing_4
  0.351802    0.935969    0.014036
  -0.658710    0.258187    -0.706711
  -0.665084    0.239377    0.707363
  0.278972    -3.551230    -0.207249
h_left_up_fing_5
  -0.064919    0.988720    -0.134978
  -0.617045    -0.146078    -0.773251
  -0.784245    0.033089    0.619568
  -0.010699    -3.407150    -0.620592
h_left_mid_fing_1
  0.990874    -0.021413    0.133078
  0.030916    0.997085    -0.069761
  -0.131197    0.073239    0.988647
  -0.052758    -1.339820    0.018578
h_right_up_fing_2
  0.989601    -0.143795    -0.003636
  0.143840    0.989238    0.026800
  -0.000257    -0.027044    0.999634
  -0.405764    -3.662620    0.895876
h_right_up_fing_3
  0.218570    -0.939831    -0.262572
  0.702033    0.338339    -0.626639
  0.677773    -0.047370    0.733743
  -0.429791    -3.630290    0.469783
h_right_up_fing_4
  0.055814    -0.989160    -0.135818
  0.703553    0.135485    -0.697608
  0.708447    -0.056619    0.703489
  -0.223988    -3.367370    -0.231641
h_right_up_fing_5
  -0.203255    -0.974902    -0.090848
  0.751148    -0.095740    -0.653155
  0.628064    -0.200997    0.751755
  -0.118703    -2.866750    -0.619935
h_right_mid_fing_1
  0.994182    0.018286    -0.106146
  -0.017021    0.999773    0.012811
  0.106356    -0.010930    0.994268
  -0.219610    -1.998750    0.223383
h_left_mid_fing_2
  -0.324074    0.945830    0.019540
  -0.943229    -0.324634    0.070229
  0.072768    0.004329    0.997339
  -0.142747    -1.640960    0.217875
h_left_mid_fing_3
  0.311639    0.950159    0.008920
  -0.949211    0.311729    -0.042706
  -0.043359    0.004842    0.999048
  -0.041226    -1.498540    0.014518
h_left_mid_fing_4
  0.452870    0.891356    0.019799
  -0.887388    0.452782    -0.086787
  -0.086323    0.021734    0.996030
  0.030214    -1.528840    -0.040797
h_left_mid_fing_5
  0.537561    0.836843    0.103543
  -0.834835    0.545464    -0.074290
  -0.118648    -0.046506    0.991847
  -0.190489    -1.479530    0.008250
h_left_low_fing_1
  0.993063    -0.054819    0.104021
  0.045805    0.995141    0.087153
  -0.108293    -0.081784    0.990749
  -0.165451    -1.700690    0.185401
h_right_mid_fing_2
  0.109729    -0.988327    -0.105685
  0.986668    0.121164    -0.108657
  0.120194    -0.092354    0.988445
  0.286935    -1.556560    -0.121600
h_right_mid_fing_3
  0.304518    -0.952468    -0.008564
  0.951149    0.304551    -0.050642
  0.050843    0.007276    0.998680
  -0.078458    -1.449800    -0.079192
h_right_mid_fing_4
  0.636718    -0.768540    -0.062747
  0.768694    0.639048    -0.026981
  0.060834    -0.031054    0.997665
  0.052534    -1.373940    0.080673
h_right_mid_fing_5
  0.732715    -0.676450    -0.074451
  0.679383    0.733448    0.022206
  0.039585    -0.066852    0.996977
  -0.111714    -1.523110    0.049516
h_right_low_fing_1
  0.998635    -0.003765    -0.052091
  0.004589    0.999866    0.015702
  0.052025    -0.015919    0.998519
  -0.138650    -1.231280    0.043514
h_left_low_fing_2
  0.779544    0.618761    0.097190
  -0.617932    0.785106    -0.042057
  -0.102328    -0.027271    0.994377
  0.145714    -0.976425    -0.048944
h_left_low_fing_3
  0.453299    0.890031    0.048628
  -0.887527    0.455732    -0.067860
  -0.082559    -0.012398    0.996509
  -0.001538    -0.903518    -0.027043
h_left_low_fing_4
  0.510614    0.853112    0.107116
  -0.859736    0.508224    0.050610
  -0.011263    -0.117933    0.992958
  -0.249621    -0.856838    0.116751
h_left_low_fing_5
  0.884264    0.466655    -0.017622
  -0.465975    0.884202    0.032482
  0.030739    -0.020511    0.999317
  -0.047054    -0.677236    -0.019745
h_right_low_fing_2
  0.328728    -0.942766    0.055949
  0.940967    0.321884    -0.104748
  0.080744    0.087080    0.992924
  0.119664    -0.777492    0.044353
h_right_low_fing_3
  0.915085    -0.403095    -0.011554
  0.402700    0.914948    -0.026517
  0.021260    0.019612    0.999582
  -0.119075    -0.899050    -0.098517
h_right_low_fing_4
  0.935859    -0.352013    0.015956
  0.351939    0.935994    0.007303
  -0.017506    -0.001219    0.999846
  0.114292    -0.753986    0.040637
h_right_low_fing_5
  0.915429    -0.341244    0.213408
  0.345988    0.938104    0.015910
  -0.205629    0.059272    0.976834
  0.203135    -0.807365    -0.004770
club
  1.000000    0.000000    0.000000
  0.000000    1.000000    0.000000
  0.000000    0.000000    1.000000
  0.000000    0.000000    0.000000
shaft_1
  1.000000    0.000000    0.000000
  0.000000    1.000000    0.000000
  0.000000    0.000000    1.000000
  0.000000    -10.000000    0.000000
shaft_2
  1.000000    0.000000    0.000000
  0.000000    1.000000    0.000000
  0.000000    0.000000    1.000000
  0.000000    -3.112829    0.000000
shaft_3
  1.000000    0.000000    0.000000
  0.000000    1.000000    0.000000
  0.000000    0.000000    1.000000
  0.000000    -3.112829    0.000000
shaft_4
  1.000000    0.000000    0.000000
  0.000000    1.000000    0.000000
  0.000000    0.000000    1.000000
  0.000000    -3.112829    0.000000
shaft_5
  1.000000    0.000000    0.000000
  0.000000    1.000000    0.000000
  0.000000    0.000000    1.000000
  0.000000    -3.112829    0.000000
shaft_6
  1.000000    0.000000    0.000000
  0.000000    1.000000    0.000000
  0.000000    0.000000    1.000000
  0.000000    -3.112829    0.000000
shaft_7
  1.000000    0.000000    0.000000
  0.000000    1.000000    0.000000
  0.000000    0.000000    1.000000
  0.000000    -3.112829    0.000000
shaft_8
  1.000000    0.000000    0.000000
  0.000000    1.000000    0.000000
  0.000000    0.000000    1.000000
  0.000000    -3.112829    0.000000
length
  1.000000    0.000000    0.000000
  0.000000    1.000000    0.000000
  0.000000    0.000000    1.000000
  0.000000    -3.112829    0.000000
hosel
  1.000000    0.000000    0.000000
  0.000000    1.000000    0.000000
  0.000000    0.000000    1.000000
  -0.000048    -2.030040    0.000000
shafttemp_1
  0.996765    0.000000    0.080367
  0.000000    1.000000    0.000000
  -0.080367    0.000000    0.996765
  1.319642    -0.577709    0.000000
shafttemp_2
  0.996765    0.000000    0.080367
  0.000000    1.000000    0.000000
  -0.080367    0.000000    0.996765
  -1.319642    -0.577709    0.000000
lie
  1.000000    0.000000    0.000000
  0.000000    0.882604    -0.470117
  0.000000    0.470117    0.882604
  -0.143334    0.000000    0.000000
loft
  0.858990    -0.511992    0.000000
  0.511992    0.858990    0.000000
  0.000000    0.000000    1.000000
  0.306946    -0.664839    0.373598
clubface
  1.000000    0.000000    0.000000
  0.000000    1.000000    0.000000
  0.000000    0.000000    1.000000
  -0.000020    0.723265    1.479890
clubfacetemp_1
  1.000000    0.000000    0.000000
  0.000000    1.000000    0.000000
  0.000000    0.000000    1.000000
  0.000000    1.029368    0.000000
clubfacetemp_2
  1.000000    0.000000    0.000000
  0.000000    1.000000    0.000000
  0.000000    0.000000    1.000000
  0.000000    -1.179830    0.000000
clubfacetemp_3
  1.000000    0.000000    0.000000
  0.000000    1.000000    0.000000
  0.000000    0.000000    1.000000
  0.000000    0.000000    1.086852
ball
  1.000000    0.000000    0.000000
  0.000000    1.000000    0.000000
  0.000000    0.000000    1.000000
  0.000000    0.000000    0.000000
34
  1   -4.07371   4.68816   4.80469
  2   0.819377   4.90599   5.30008
  3   -1.41139   4.57124   0.671827
  4   -2.93716   2.12874   0.433817
  5   3.35934   2.43791   -0.177949
  6   2.1554   -0.0576542   -4.10115
  7   -0.298192   3.10821   -1.39666
  8   -2.98242   0.410801   -3.10413
  9   2.67943   2.98851   -5.79611
  10   -2.19682   2.494   -5.67046
  11   -8.1956   1.71186   -0.0376774
  12   8.60253   1.61598   1.28419
  13   4.20214   2.37389   -4.31161
  14   -3.42345   2.51674   -4.58965
  15   -4.17932   -0.705678   0.422393
  16   -0.658126   -2.56002   2.56955
  17   -0.246765   -1.93529   3.1372
  18   3.83783   0.55408   0.09639
  19   0.17054   -1.98368   -4.48256
  20   -2.4909   -2.38828   1.88853
  21   0.182816   1.30686   3.14635
  22   0.0438938   1.783   3.14715
  23   2.68013   -2.0155   1.93503
  24   0.0470945   -1.70204   -4.4493
  25   -2.31563   0.153897   -1.76022
  26   3.37464   0.0232847   -0.40243
  27   -1.96375   0.869994   0.758775
  28   1.13495   1.12997   0.290424
           29   1.657670      -0.560842      -1.244100
           30   1.982200     -12.371400      -0.120897
           31  -0.355855     -11.353700       1.813100
           32   1.416990       1.058860      -2.591890
           33  -0.891277       1.009090      -0.330799
           34  -0.459462       0.393478       1.919950
0
0
10
           35   0.030340       7.155780       0.832098
           36  -0.030567      10.084600       0.912457
           37   1.400140      -1.661620      -1.067570
           38   4.044020      -0.585133      -0.176072
           39  -1.410180      -1.620040      -1.018070
           40  -4.046460      -0.543661      -0.125623
           41   0.067747      10.328500       1.737620
           42  -0.073325       6.806310       1.516660
  43   0   0   0
  44   0   0   0
  45   0   -30   0
  46   0   -30   0
  47   -20   -30   0
  48   -20   -30   0
  49   0   0   0
  50   0   0   0
  51   0   -30   0
  52   0   -30   0
  53   -20   -30   0
  54   -20   -30   0
