Bio Model File
v1.00
0
88
h_waist
  1.000000    0.000000    0.000000
  0.000000    1.000000    0.000000
  0.000000    0.000000    1.000000
  0.000000    0.000000    0.000000
h_torso_2
  1.000000    0.000000    0.000000
  0.000000    1.000000    0.000000
  0.000000    0.000000    1.000000
  0.000000    3.135289    0.999843
h_left_up_leg
  0.999512    0.031234    0.000000
  -0.031219    0.999013    -0.031589
  -0.000987    0.031573    0.999501
  3.874678    -1.567644    1.249803
h_right_up_leg
  0.999512    -0.031234    -0.000000
  0.031219    0.999013    -0.031589
  0.000987    0.031573    0.999501
  -3.874678    -1.567644    1.249803
h_torso_3
  1.000000    0.000000    0.000000
  0.000000    1.000000    0.000000
  0.000000    0.000000    1.000000
  0.000000    2.911340    0.249961
h_left_low_leg
  0.999854    -0.017067    0.000097
  0.017048    0.998419    -0.053555
  0.000817    0.053549    0.998565
  0.000019    -16.186514    -0.000007
h_right_low_leg
  0.999854    0.017067    -0.000097
  -0.017048    0.998419    -0.053555
  -0.000817    0.053549    0.998565
  -0.000005    -16.186514    -0.000007
h_torso_4
  1.000000    0.000000    0.000000
  0.000000    1.000000    0.000000
  0.000000    0.000000    1.000000
  0.000000    2.956129    -0.189970
h_left_foot
  0.999899    -0.014218    0.000464
  0.014127    0.996275    0.085062
  -0.001672    -0.085047    0.996376
  0.000046    -15.772235    -0.000034
h_right_foot
  0.999899    0.014218    -0.000464
  -0.014127    0.996276    0.085062
  0.001672    -0.085047    0.996376
  -0.000046    -15.772235    -0.000010
h_torso_5
  1.000000    0.000000    0.000000
  0.000000    1.000000    0.000000
  0.000000    0.000000    1.000000
  0.000000    3.135289    -0.509920
h_left_toes
  1.000000    0.000000    0.000000
  0.000000    1.000000    0.000000
  0.000000    0.000000    1.000000
  0.232340    -2.584015    4.838936
h_right_toes
  1.000000    0.000000    0.000000
  0.000000    1.000000    0.000000
  0.000000    0.000000    1.000000
  -0.232275    -2.584071    4.838964
h_torso_6
  1.000000    0.000000    0.000000
  0.000000    1.000000    0.000000
  0.000000    0.000000    1.000000
  0.000000    3.224868    -0.449929
h_torso_7
  1.000000    0.000000    0.000000
  0.000000    1.000000    0.000000
  0.000000    0.000000    1.000000
  0.000000    2.687390    -0.269958
h_neck_1
  1.000000    0.000000    0.000000
  0.000000    1.000000    0.000000
  0.000000    0.000000    1.000000
  0.000000    1.599994    0.799874
h_left_shoulder
  1.000000    0.000000    0.000000
  0.000000    1.000000    0.000000
  0.000000    0.000000    1.000000
  2.499793    0.999996    0.669895
h_right_shoulder
  1.000000    0.000000    0.000000
  0.000000    1.000000    0.000000
  0.000000    0.000000    1.000000
  -2.499793    0.999996    0.669895
h_neck_2
  1.000000    0.000000    0.000000
  0.000000    1.000000    0.000000
  0.000000    0.000000    1.000000
  0.000000    2.178993    0.519918
h_left_up_arm
  0.107309    -0.985446    0.131836
  0.994226    0.106362    -0.014229
  0.000000    0.132601    0.991169
  4.013537    -0.615690    0.000000
h_right_up_arm
  0.107309    0.985446    -0.131836
  -0.994226    0.106362    -0.014229
  0.000000    0.132601    0.991169
  -4.013607    -0.615682    0.000000
h_head
  1.000000    0.000000    0.000000
  0.000000    1.000000    0.000000
  0.000000    0.000000    1.000000
  0.000000    3.268489    0.299953
h_left_low_arm
  0.965802    -0.016054    0.258785
  -0.018861    0.991087    0.131873
  -0.258596    -0.132244    0.956891
  0.000000    -10.053198    0.000049
  -10.980000
  0.000000  1.000000  0.000000
h_right_low_arm
  0.965801    0.016047    -0.258786
  0.018868    0.991087    0.131871
  0.258596    -0.132244    0.956891
  0.000049    -10.053198    -0.000015
  -10.980000
  0.000000  1.000000  0.000000
h_left_wrist
  0.965926    0.000000    -0.258819
  0.000000    1.000000    0.000000
  0.258819    0.000000    0.965926
  -0.000013    -10.754711    0.000036
h_right_wrist
  0.965926    0.000000    0.258819
  0.000000    1.000000    0.000000
  -0.258819    0.000000    0.965926
  0.000042    -10.754711    0.000028
h_left_hand
  1.000000    0.000000    0.000000
  0.000000    1.000000    0.000000
  0.000000    0.000000    1.000000
  -0.000003    -0.000013    -0.000035
h_right_hand
  1.000000    0.000000    0.000000
  0.000000    1.000000    0.000000
  0.000000    0.000000    1.000000
  -0.000002    0.000034    -0.000008
h_left_mcarpal_2
  0.943078    -0.091335    -0.319783
  0.086608    0.995820    -0.029004
  0.321095    -0.000342    0.947047
  -0.021206    -0.002022    -0.226714
h_left_mcarpal_3
  0.943078    -0.091335    -0.319783
  0.086608    0.995820    -0.029004
  0.321095    -0.000342    0.947047
  -0.021160    -0.001973    -0.226695
h_left_mcarpal_4
  0.943078    -0.091335    -0.319783
  0.086608    0.995820    -0.029004
  0.321095    -0.000342    0.947047
  -0.021194    -0.002029    -0.226685
h_left_mcarpal_5
  0.943078    -0.091335    -0.319783
  0.086608    0.995820    -0.029004
  0.321095    -0.000342    0.947047
  -0.021215    -0.002052    -0.226727
h_left_up_fing_1
  -0.088662    -0.051373    -0.994736
  0.306986    0.948646    -0.076355
  0.947575    -0.312139    -0.068338
  -0.770143    -0.862326    1.121710
h_left_club
  0.957936    -0.127250    -0.257227
  0.242824    0.837117    0.490176
  0.152954    -0.532018    0.832804
  -1.872420    2.439560    -2.998860
h_right_mcarpal_2
  0.995820    0.091342    0.000031
  -0.091342    0.995820    0.000341
  0.000000    -0.000342    1.000000
  0.021083    -0.001499    -0.223756
h_right_mcarpal_3
  0.995820    0.091342    0.000031
  -0.091342    0.995820    0.000341
  0.000000    -0.000342    1.000000
  0.021083    -0.001499    -0.223756
h_right_mcarpal_4
  0.995820    0.091342    0.000031
  -0.091342    0.995820    0.000341
  0.000000    -0.000342    1.000000
  0.021088    -0.001452    -0.223803
h_right_mcarpal_5
  0.995820    0.091342    0.000031
  -0.091342    0.995820    0.000341
  0.000000    -0.000342    1.000000
  0.021140    -0.001534    -0.223760
h_right_up_fing_1
  0.152851    0.026462    0.987895
  -0.198021    0.980188    0.004383
  -0.968207    -0.196293    0.155063
  0.591663    -0.396225    0.872921
h_right_club
  0.875219    0.200712    -0.440121
  0.092137    0.824026    0.559010
  0.474871    -0.529808    0.702710
  1.664060    0.227450    -1.613920
h_left_up_fing_2
  0.859491    0.425926    0.282599
  -0.411072    0.904559    -0.113103
  -0.303801    -0.018957    0.952547
  0.321283    -3.807720    1.542860
h_left_up_fing_3
  0.023183    0.978185    0.206440
  -0.779385    0.147009    -0.609055
  -0.626117    -0.146776    0.765790
  0.185821    -4.014240    0.656885
h_left_up_fing_4
  -0.199417    0.970684    0.134185
  -0.799010    -0.081796    -0.595729
  -0.567289    -0.226013    0.791897
  -0.176050    -3.561640    -0.248439
h_left_up_fing_5
  -0.531714    0.845117    -0.055290
  -0.613587    -0.429398    -0.662668
  -0.583774    -0.318425    0.746869
  -0.708402    -3.391330    -0.891699
h_left_mid_fing_1
  0.990874    -0.021413    0.133078
  0.030916    0.997085    -0.069761
  -0.131197    0.073239    0.988647
  -0.052758    -1.339820    0.018578
h_right_up_fing_2
  0.972325    -0.233553    -0.006037
  0.233631    0.971977    0.026017
  -0.000208    -0.026707    0.999643
  -0.090614    -3.685360    1.493430
h_right_up_fing_3
  0.582307    -0.811889    -0.041891
  0.671205    0.509200    -0.538702
  0.458697    0.285572    0.841455
  -0.117483    -3.655030    0.692347
h_right_up_fing_4
  0.067828    -0.995601    0.064636
  0.776796    0.012044    -0.629637
  0.626089    0.092916    0.774196
  0.063371    -3.374110    -0.383939
h_right_up_fing_5
  -0.170993    -0.982013    0.080074
  0.799216    -0.185774    -0.571614
  0.576208    -0.033745    0.816606
  0.122464    -2.865650    -1.147110
h_right_mid_fing_1
  0.994182    0.018286    -0.106146
  -0.017021    0.999773    0.012811
  0.106356    -0.010930    0.994268
  -0.219610    -1.998750    0.223383
h_left_mid_fing_2
  -0.324074    0.945830    0.019540
  -0.943229    -0.324634    0.070229
  0.072768    0.004329    0.997339
  -0.142747    -1.640960    0.217875
h_left_mid_fing_3
  0.472219    0.881436    0.008920
  -0.880487    0.472143    -0.042706
  -0.041855    0.012313    0.999048
  -0.041226    -1.498540    0.014518
h_left_mid_fing_4
  0.548328    0.836029    0.019799
  -0.832094    0.547803    -0.086787
  -0.083402    0.031113    0.996030
  0.030214    -1.528840    -0.040797
h_left_mid_fing_5
  0.685181    0.720976    0.103543
  -0.717520    0.692565    -0.074290
  -0.125271    -0.023392    0.991847
  -0.190489    -1.479530    0.008250
h_left_low_fing_1
  0.993063    -0.054819    0.104021
  0.045805    0.995141    0.087153
  -0.108293    -0.081784    0.990749
  -0.165451    -1.700690    0.185401
h_right_mid_fing_2
  0.109729    -0.988327    -0.105685
  0.986668    0.121164    -0.108657
  0.120194    -0.092354    0.988445
  0.286935    -1.556560    -0.121600
h_right_mid_fing_3
  0.162357    -0.986695    -0.008563
  0.985395    0.162583    -0.050642
  0.051361    -0.000216    0.998680
  -0.078458    -1.449800    -0.079192
h_right_mid_fing_4
  0.588816    -0.805828    -0.062747
  0.806123    0.591133    -0.026981
  0.058834    -0.034695    0.997665
  0.052534    -1.373940    0.080673
h_right_mid_fing_5
  0.590323    -0.803726    -0.074451
  0.806745    0.590483    0.022206
  0.026115    -0.073172    0.996977
  -0.111714    -1.523110    0.049516
h_right_low_fing_1
  0.998635    -0.003765    -0.052091
  0.004589    0.999866    0.015702
  0.052025    -0.015919    0.998519
  -0.138650    -1.231280    0.043514
h_left_low_fing_2
  0.779544    0.618761    0.097190
  -0.617932    0.785106    -0.042057
  -0.102328    -0.027271    0.994377
  0.145714    -0.976425    -0.048944
h_left_low_fing_3
  0.546903    0.835783    0.048628
  -0.833030    0.549050    -0.067860
  -0.083416    -0.003396    0.996509
  -0.001538    -0.903518    -0.027043
h_left_low_fing_4
  0.782519    0.613344    0.107116
  -0.620385    0.782663    0.050610
  -0.052794    -0.106056    0.992958
  -0.249621    -0.856838    0.116751
h_left_low_fing_5
  0.984034    0.177106    -0.017622
  -0.176477    0.983769    0.032482
  0.023088    -0.028853    0.999317
  -0.047054    -0.677236    -0.019745
h_right_low_fing_2
  0.328728    -0.942766    0.055949
  0.940967    0.321884    -0.104748
  0.080744    0.087080    0.992924
  0.119664    -0.777492    0.044353
h_right_low_fing_3
  0.669721    -0.742523    -0.011554
  0.742106    0.669758    -0.026517
  0.027428    0.009184    0.999582
  -0.119075    -0.899050    -0.098517
h_right_low_fing_4
  0.877398    -0.479498    0.015956
  0.479444    0.877542    0.007303
  -0.017504    0.001242    0.999846
  0.114292    -0.753986    0.040637
h_right_low_fing_5
  0.915429    -0.341244    0.213408
  0.345988    0.938104    0.015910
  -0.205629    0.059272    0.976834
  0.203135    -0.807365    -0.004770
club
  1.000000    0.000000    0.000000
  0.000000    1.000000    0.000000
  0.000000    0.000000    1.000000
  0.000000    0.000000    0.000000
shaft_1
  1.000000    0.000000    0.000000
  0.000000    1.000000    0.000000
  0.000000    0.000000    1.000000
  0.000000    -10.470000    0.000000
shaft_2
  1.000000    0.000000    0.000000
  0.000000    1.000000    0.000000
  0.000000    0.000000    1.000000
  0.000000    -4.122200    0.000000
shaft_3
  1.000000    0.000000    0.000000
  0.000000    1.000000    0.000000
  0.000000    0.000000    1.000000
  0.000000    -3.862200    0.000000
shaft_4
  1.000000    0.000000    0.000000
  0.000000    1.000000    0.000000
  0.000000    0.000000    1.000000
  0.000000    -3.862200    0.000000
shaft_5
  1.000000    0.000000    0.000000
  0.000000    1.000000    0.000000
  0.000000    0.000000    1.000000
  0.000000    -3.862200    0.000000
shaft_6
  1.000000    0.000000    0.000000
  0.000000    1.000000    0.000000
  0.000000    0.000000    1.000000
  0.000000    -3.862200    0.000000
shaft_7
  1.000000    0.000000    0.000000
  0.000000    1.000000    0.000000
  0.000000    0.000000    1.000000
  0.000000    -3.872190    0.000000
shaft_8
  1.000000    0.000000    0.000000
  0.000000    1.000000    0.000000
  0.000000    0.000000    1.000000
  0.000000    -3.862200    0.000000
length
  1.000000    0.000000    0.000000
  0.000000    1.000000    0.000000
  0.000000    0.000000    1.000000
  0.000000    -3.972180    0.000000
hosel
  1.000000    0.000000    0.000000
  0.000000    1.000000    0.000000
  0.000000    0.000000    1.000000
  0.000000    -2.110000    0.000000
shafttemp_1
  1.000000    0.000000    0.000000
  0.000000    1.000000    0.000000
  0.000000    0.000000    1.000000
  0.000000    0.000000    0.000000
shafttemp_2
  1.000000    0.000000    0.000000
  0.000000    1.000000    0.000000
  0.000000    0.000000    1.000000
  0.000000    0.000000    0.000000
lie
  1.000000    0.000000    0.000000
  0.000000    0.837197    -0.546901
  0.000000    0.546901    0.837197
  0.049000    0.000004    0.000000
loft
  0.990060    0.140644    0.000000
  -0.140644    0.990060    0.000000
  0.000000    0.000000    1.000000
  -0.660000    -0.964474    0.626335
clubface
  1.000000    0.000000    0.000000
  0.000000    1.000000    0.000000
  0.000000    0.000000    1.000000
  -0.140000    1.029900    1.312600
clubfacetemp_1
  1.000000    0.000000    0.000000
  0.000000    1.000000    0.000000
  0.000000    0.000000    1.000000
  0.000000    0.000000    0.000000
clubfacetemp_2
  1.000000    0.000000    0.000000
  0.000000    1.000000    0.000000
  0.000000    0.000000    1.000000
  0.000000    0.000000    0.000000
clubfacetemp_3
  1.000000    0.000000    0.000000
  0.000000    1.000000    0.000000
  0.000000    0.000000    1.000000
  0.000000    0.000000    0.000000
ball
  1.000000    0.000000    0.000000
  0.000000    1.000000    0.000000
  0.000000    0.000000    1.000000
  0.000000    0.000000    0.000000
34
  1   -3.01082   7.02831   1.40101
  2   2.80473   6.51513   1.42684
  3   -0.109257   6.65033   -2.97066
  4   -3.44146   2.04175   0.568401
  5   3.15626   1.98706   0.768827
  6   4.66993   -0.125856   -2.24315
  7   -0.0862413   1.64132   -3.65846
  8   -4.71838   0.150679   -2.21326
  9   3.3405   2.77346   -4.95308
  10   -2.74369   2.60646   -5.28962
  11   -7.49283   3.99991   2.62385
  12   7.74583   3.32921   2.14783
  13   3.38798   4.19037   -3.36147
  14   -3.01629   4.16499   -3.19296
  15   -4.17008   0.0289225   0.52514
  16   -1.00692   -1.73871   2.26267
  17   0.979212   -2.56583   1.95005
  18   4.41919   0.0633981   0.577867
  19   0.247995   -1.90049   -3.98376
  20   -2.13371   -2.0676   1.46846
  21   0.272636   1.48491   2.68024
  22   -0.385045   1.68363   2.81129
  23   2.14901   -1.80371   1.41704
  24   -0.355917   -1.71405   -3.95058
  25   -2.44796   -0.0179713   -0.417039
  26   2.41721   0.120448   -0.853114
  27   -1.59512   1.1304   0.103036
  28   1.71869   0.869607   0.297819
           29  -1.655600      -0.553951      -1.537630
           30  -1.620440     -11.716200      -0.855798
           31   0.019952     -10.857200       1.872970
           32  -0.109615       1.519480      -2.700300
           33   3.524950       1.009060      -0.453850
           34   0.638581       1.162970       1.834450
0
0
10
           35  -0.001315       7.163940       0.771713
           36   0.001316      10.080000       0.976586
           37   1.569530      -1.543570      -0.845176
           38   3.925350      -0.543606      -0.400357
           39  -1.488590      -1.505000      -0.925994
           40  -4.004920      -0.505017      -0.228952
           41   0.007879       9.627080       1.715660
           42  -0.012211       6.351890       1.445400
  43   0   0   0
  44   0   0   0
  45   0   -30   0
  46   0   -30   0
  47   -20   -30   0
  48   -20   -30   0
  49   0   0   0
  50   0   0   0
  51   0   -30   0
  52   0   -30   0
  53   -20   -30   0
  54   -20   -30   0
