Bio Model File
v1.00
0
93
h_waist
  1.000000    0.000000    0.000000
  0.000000    1.000000    0.000000
  0.000000    0.000000    1.000000
  0.000000    0.000000    0.000000
left_foot_plate
  1.000000    0.000000    0.000000
  0.000000    1.000000    0.000000
  0.000000    0.000000    1.000000
  0.000000    0.000000    0.000000
right_foot_plate
  1.000000    0.000000    0.000000
  0.000000    1.000000    0.000000
  0.000000    0.000000    1.000000
  0.000000    0.000000    0.000000
h_torso_2
  1.000000    0.000000    0.000000
  0.000000    1.000000    0.000000
  0.000000    0.000000    1.000000
  0.000000    2.857542    0.905000
h_left_up_leg
  0.999512    0.031234    0.000000
  -0.031219    0.999013    -0.031589
  -0.000987    0.031573    0.999501
  3.506875    -1.428771    1.131250
h_right_up_leg
  0.999512    -0.031235    -0.000001
  0.031220    0.999013    -0.031589
  0.000987    0.031573    0.999501
  -3.506875    -1.428771    1.131250
h_torso_3
  1.000000    0.000000    0.000000
  0.000000    1.000000    0.000000
  0.000000    0.000000    1.000000
  0.000000    2.653432    0.226250
h_left_low_leg
  0.999854    -0.017068    -0.000001
  0.017043    0.998419    -0.053556
  0.000915    0.053549    0.998565
  0.000030    -17.476803    -0.000003
h_right_low_leg
  0.999854    0.017066    -0.000001
  -0.017042    0.998419    -0.053556
  -0.000913    0.053548    0.998565
  -0.000024    -17.510998    0.000030
h_torso_4
  1.000000    0.000000    0.000000
  0.000000    1.000000    0.000000
  0.000000    0.000000    1.000000
  0.000000    2.694254    -0.171950
h_left_foot
  0.999899    -0.014218    0.000464
  0.014127    0.996275    0.085063
  -0.001671    -0.085048    0.996376
  -0.000016    -15.965949    0.000026
h_right_foot
  0.999899    0.014219    -0.000464
  -0.014128    0.996276    0.085062
  0.001672    -0.085046    0.996376
  0.000032    -15.965949    0.000030
h_torso_5
  1.000000    0.000000    0.000000
  0.000000    1.000000    0.000000
  0.000000    0.000000    1.000000
  0.000000    2.857542    -0.461550
h_left_toes
  1.000000    0.000000    0.000000
  0.000000    1.000000    0.000000
  0.000000    0.000000    1.000000
  0.208791    -2.322696    4.215336
h_right_toes
  1.000000    0.000000    0.000000
  0.000000    1.000000    0.000000
  0.000000    0.000000    1.000000
  -0.208809    -2.322704    4.215297
h_torso_6
  1.000000    0.000000    0.000000
  0.000000    1.000000    0.000000
  0.000000    0.000000    1.000000
  0.000000    2.939186    -0.407250
h_torso_7
  1.000000    0.000000    0.000000
  0.000000    1.000000    0.000000
  0.000000    0.000000    1.000000
  0.000000    2.449322    -0.244350
h_neck_1
  1.000000    0.000000    0.000000
  0.000000    1.000000    0.000000
  0.000000    0.000000    1.000000
  0.000000    1.599963    0.724000
h_left_shoulder
  1.000000    0.000000    0.000000
  0.000000    1.000000    0.000000
  0.000000    0.000000    1.000000
  2.262500    0.999977    0.606350
h_right_shoulder
  1.000000    0.000000    0.000000
  0.000000    1.000000    0.000000
  0.000000    0.000000    1.000000
  -2.262500    0.999977    0.606350
h_neck_2
  1.000000    0.000000    0.000000
  0.000000    1.000000    0.000000
  0.000000    0.000000    1.000000
  0.000000    2.178947    0.470600
h_left_up_arm
  0.107309    -0.985446    0.131836
  0.994226    0.106362    -0.014229
  0.000000    0.132601    0.991169
  3.632616    -0.615672    0.000000
h_right_up_arm
  0.107309    0.985446    -0.131836
  -0.994226    0.106362    -0.014229
  0.000000    0.132601    0.991169
  -3.632616    -0.615670    0.000000
h_head
  1.000000    0.000000    0.000000
  0.000000    1.000000    0.000000
  0.000000    0.000000    1.000000
  0.000000    3.268421    0.271500
h_left_low_arm
  0.965801    -0.016052    0.258785
  -0.018863    0.991087    0.131873
  -0.258596    -0.132244    0.956891
  0.000014    -10.700294    -0.000014
  -10.980000
  0.000000  1.000000  0.000000
h_right_low_arm
  0.965801    0.016047    -0.258786
  0.018868    0.991087    0.131871
  0.258596    -0.132244    0.956891
  0.000044    -10.700294    -0.000014
  -10.980000
  0.000000  1.000000  0.000000
h_left_wrist
  0.965926    0.000000    -0.258818
  0.000000    1.000000    0.000000
  0.258818    0.000000    0.965926
  -0.000141    -9.502378    -0.000002
h_right_wrist
  0.965926    0.000000    0.258819
  0.000000    1.000000    0.000000
  -0.258819    0.000000    0.965926
  0.000038    -9.502378    0.000026
h_left_hand
  1.000000    0.000000    0.000000
  0.000000    1.000000    0.000000
  0.000000    0.000000    1.000000
  0.000000    0.000036    -0.000007
h_right_hand
  1.000000    0.000000    0.000000
  0.000000    1.000000    0.000000
  0.000000    0.000000    1.000000
  0.000002    0.000034    -0.000007
h_left_mcarpal_2
  0.999922    -0.012466    -0.000000
  0.012413    0.995615    0.092719
  -0.001156    -0.092711    0.995692
  0.000000    -0.000059    0.375044
h_left_mcarpal_3
  0.999200    -0.039990    -0.000000
  0.039943    0.998007    -0.048849
  0.001954    0.048810    0.998806
  -0.000031    0.000002    0.000044
h_left_mcarpal_4
  0.999394    -0.034789    -0.000740
  0.034178    0.985400    -0.166788
  0.006532    0.166662    0.985992
  0.000021    -0.000002    -0.374955
h_left_mcarpal_5
  0.999961    0.006040    0.006408
  -0.004195    0.966527    -0.256531
  -0.007743    0.256494    0.966515
  -0.000023    -0.000040    -0.749960
h_left_up_fing_1
  0.015619    0.374082    -0.927264
  0.342002    0.869443    0.356516
  0.939569    -0.322695    -0.114357
  -0.097170    -0.650055    1.321870
h_left_club
  1.000000    0.000000    0.000000
  0.000000    1.000000    0.000000
  0.000000    0.000000    1.000000
  -0.000021    0.000028    0.000010
h_right_mcarpal_2
  0.999922    0.012466    0.000000
  -0.012413    0.995615    0.092719
  0.001156    -0.092711    0.995692
  0.000002    -0.000049    0.375045
h_right_mcarpal_3
  0.999200    0.039990    0.000000
  -0.039943    0.998007    -0.048849
  -0.001953    0.048810    0.998806
  0.000033    0.000007    0.000044
h_right_mcarpal_4
  0.999394    0.034789    0.000740
  -0.034178    0.985400    -0.166788
  -0.006532    0.166662    0.985992
  -0.000021    0.000001    -0.374955
h_right_mcarpal_5
  0.999961    -0.006040    -0.006408
  0.004195    0.966527    -0.256531
  0.007743    0.256494    0.966515
  0.000024    -0.000034    -0.749959
h_right_up_fing_1
  0.015619    -0.374082    0.927264
  -0.342002    0.869443    0.356516
  -0.939569    -0.322695    -0.114357
  0.097173    -0.650044    1.321870
h_right_club
  1.000000    0.000000    0.000000
  0.000000    1.000000    0.000000
  0.000000    0.000000    1.000000
  0.000021    0.000038    0.000010
h_left_up_fing_2
  0.798706    0.600977    0.029918
  -0.601207    0.799091    -0.001602
  -0.024871    -0.016707    0.999551
  0.000029    -3.887070    0.000018
h_left_up_fing_3
  0.500737    0.865599    -0.000037
  -0.863554    0.499552    -0.068720
  -0.059466    0.034442    0.997636
  0.000031    -3.971320    -0.000021
h_left_up_fing_4
  0.245577    0.969364    0.004970
  -0.968110    0.245515    -0.049851
  -0.049544    0.007431    0.998744
  0.000034    -3.717000    0.000006
h_left_up_fing_5
  0.462933    0.875284    0.139897
  -0.865457    0.480434    -0.142012
  -0.191512    -0.055333    0.979929
  -0.000004    -3.298140    -0.000035
h_left_mid_fing_1
  0.933853    0.357656    0.000000
  -0.357656    0.933853    0.000000
  0.000000    0.000000    1.000000
  -0.000045    -1.966680    -0.000015
h_left_grip
  1.000000    0.000000    0.000000
  0.000000    1.000000    0.000000
  0.000000    0.000000    1.000000
  0.000000    0.000000    0.000000
h_right_up_fing_2
  0.798706    -0.600977    -0.029918
  0.601207    0.799091    -0.001602
  0.024871    -0.016707    0.999551
  -0.000030    -3.887080    0.000017
h_right_up_fing_3
  0.500737    -0.865599    0.000037
  0.863554    0.499551    -0.068720
  0.059466    0.034442    0.997636
  -0.000033    -3.971320    -0.000021
h_right_up_fing_4
  0.245577    -0.969364    -0.004970
  0.968110    0.245515    -0.049851
  0.049544    0.007431    0.998744
  -0.000032    -3.717000    0.000006
h_right_up_fing_5
  0.462933    -0.875284    -0.139897
  0.865457    0.480434    -0.142012
  0.191512    -0.055333    0.979929
  0.000004    -3.298140    -0.000034
h_right_mid_fing_1
  0.933853    -0.357656    0.000000
  0.357656    0.933853    0.000000
  0.000000    0.000000    1.000000
  0.000049    -1.966690    -0.000019
h_right_grip
  1.000000    0.000000    0.000000
  0.000000    1.000000    0.000000
  0.000000    0.000000    1.000000
  0.000000    0.000000    0.000000
h_left_mid_fing_2
  0.568493    0.822688    0.000000
  -0.822688    0.568493    0.000000
  0.000000    0.000000    1.000000
  -0.000015    -1.677910    -0.000021
h_left_mid_fing_3
  0.484443    0.874823    0.000000
  -0.874823    0.484443    0.000000
  0.000000    0.000000    1.000000
  0.000038    -1.558700    0.000046
h_left_mid_fing_4
  0.424651    0.905357    0.000000
  -0.905357    0.424651    0.000000
  0.000000    0.000000    1.000000
  -0.000038    -1.558410    -0.000021
h_left_mid_fing_5
  0.165955    0.986133    0.000000
  -0.986133    0.165955    0.000000
  0.000000    0.000000    1.000000
  0.000038    -1.186700    -0.000032
h_left_low_fing_1
  1.000000    0.000000    0.000000
  0.000000    1.000000    0.000000
  0.000000    0.000000    1.000000
  0.000011    -0.864931    0.000032
h_right_mid_fing_2
  0.568493    -0.822688    0.000000
  0.822688    0.568493    0.000000
  0.000000    0.000000    1.000000
  0.000015    -1.677910    -0.000020
h_right_mid_fing_3
  0.484443    -0.874823    0.000000
  0.874823    0.484443    0.000000
  0.000000    0.000000    1.000000
  -0.000038    -1.558700    0.000045
h_right_mid_fing_4
  0.424651    -0.905357    0.000000
  0.905357    0.424651    0.000000
  0.000000    0.000000    1.000000
  0.000033    -1.558410    -0.000021
h_right_mid_fing_5
  0.165955    -0.986133    0.000000
  0.986133    0.165955    0.000000
  0.000000    0.000000    1.000000
  -0.000037    -1.186700    -0.000035
h_right_low_fing_1
  1.000000    0.000000    0.000000
  0.000000    1.000000    0.000000
  0.000000    0.000000    1.000000
  -0.000012    -0.864931    0.000031
h_left_low_fing_2
  1.000000    0.000000    0.000000
  0.000000    1.000000    0.000000
  0.000000    0.000000    1.000000
  -0.000050    -0.934877    -0.000005
h_left_low_fing_3
  1.000000    0.000000    0.000000
  0.000000    1.000000    0.000000
  0.000000    0.000000    1.000000
  -0.000044    -1.212770    -0.000036
h_left_low_fing_4
  1.000000    0.000000    0.000000
  0.000000    1.000000    0.000000
  0.000000    0.000000    1.000000
  0.000051    -0.946373    0.000048
h_left_low_fing_5
  1.000000    0.000000    0.000000
  0.000000    1.000000    0.000000
  0.000000    0.000000    1.000000
  -0.000041    -0.741287    -0.000042
h_right_low_fing_2
  1.000000    0.000000    0.000000
  0.000000    1.000000    0.000000
  0.000000    0.000000    1.000000
  0.000045    -0.934876    -0.000006
h_right_low_fing_3
  1.000000    0.000000    0.000000
  0.000000    1.000000    0.000000
  0.000000    0.000000    1.000000
  0.000039    -1.212770    -0.000036
h_right_low_fing_4
  1.000000    0.000000    0.000000
  0.000000    1.000000    0.000000
  0.000000    0.000000    1.000000
  -0.000049    -0.946374    0.000049
h_right_low_fing_5
  1.000000    0.000000    0.000000
  0.000000    1.000000    0.000000
  0.000000    0.000000    1.000000
  0.000038    -0.741285    -0.000040
club
  1.000000    0.000000    0.000000
  0.000000    1.000000    0.000000
  0.000000    0.000000    1.000000
  0.000000    0.000000    0.000000
shaft_1
  1.000000    0.000000    0.000000
  0.000000    1.000000    0.000000
  0.000000    0.000000    1.000000
  0.000000    -10.500000    0.000042
shaft_2
  1.000000    0.000000    0.000000
  0.000000    1.000000    0.000000
  0.000000    0.000000    1.000000
  0.000000    -3.945012    0.000000
shaft_3
  1.000000    0.000000    0.000000
  0.000000    1.000000    0.000000
  0.000000    0.000000    1.000000
  0.000000    -3.945012    0.000000
shaft_4
  1.000000    0.000000    0.000000
  0.000000    1.000000    0.000000
  0.000000    0.000000    1.000000
  0.000000    -3.945012    0.000000
shaft_5
  1.000000    0.000000    0.000000
  0.000000    1.000000    0.000000
  0.000000    0.000000    1.000000
  0.000000    -3.945012    0.000000
shaft_6
  1.000000    0.000000    0.000000
  0.000000    1.000000    0.000000
  0.000000    0.000000    1.000000
  0.000000    -3.945012    0.000000
shaft_7
  1.000000    0.000000    0.000000
  0.000000    1.000000    0.000000
  0.000000    0.000000    1.000000
  0.000000    -3.945002    0.000000
shaft_8
  1.000000    0.000000    0.000000
  0.000000    1.000000    0.000000
  0.000000    0.000000    1.000000
  0.000000    -3.945012    0.000000
length
  1.000000    0.000000    0.000000
  0.000000    1.000000    0.000000
  0.000000    0.000000    1.000000
  0.000000    -3.944992    0.000000
hosel
  1.000000    0.000000    0.000000
  0.000000    1.000000    0.000000
  0.000000    0.000000    1.000000
  0.000000    -1.500000    0.000000
shafttemp_1
  0.995526    0.000000    -0.094492
  0.000000    1.000000    0.000000
  0.094492    0.000000    0.995526
  -0.284642    1.898395    -0.027017
shafttemp_2
  0.995526    0.000000    -0.094492
  0.000000    1.000000    0.000000
  0.094492    0.000000    0.995526
  0.284642    1.898395    0.027017
lie
  1.000000    0.000000    0.000000
  0.000000    0.857875    -0.513859
  0.000000    0.513859    0.857875
  0.012677    0.000000    0.000000
loft
  0.988181    0.153294    0.000000
  -0.153294    0.988181    0.000000
  0.000000    0.000000    1.000000
  -0.600000    -1.321000    0.856752
clubface
  1.000000    0.000000    0.000000
  0.000000    1.000000    0.000000
  0.000000    0.000000    1.000000
  -0.065000    0.955899    1.072807
lofttemp
  1.000000    0.000000    0.000000
  0.000000    1.000000    0.000000
  0.000000    0.000000    1.000000
  0.000000    0.000000    0.000000
clubfacetemp_1
  1.000000    0.000000    0.000000
  0.000000    1.000000    0.000000
  0.000000    0.000000    1.000000
  -0.000001    0.147064    0.000002
clubfacetemp_2
  1.000000    0.000000    0.000000
  0.000000    1.000000    0.000000
  0.000000    0.000000    1.000000
  -0.000001    -0.124370    0.000002
clubfacetemp_3
  1.000000    0.000000    0.000000
  0.000000    1.000000    0.000000
  0.000000    0.000000    1.000000
  -0.000001    -0.000001    0.107589
ball
  1.000000    0.000000    0.000000
  0.000000    1.000000    0.000000
  0.000000    0.000000    1.000000
  0.000000    0.000000    0.000000
34
  1   -2.04867   6.86803   2.67165
  2   2.03373   6.99194   2.57959
  3   0.0650318   6.87255   -1.18878
  4   -3.92449   2.08795   -0.200516
  5   4.23286   1.64458   0.151526
  6   2.33742   -0.621889   -3.69867
  7   0.276007   2.00678   -2.26172
  8   -2.45071   -1.23092   -3.88583
  9   2.53925   0.879063   -4.92913
  10   -2.08977   0.626019   -4.70223
  11   -7.82353   2.93538   1.72565
  12   7.7267   2.64457   0.646088
  13   3.72643   3.49876   -4.07357
  14   -1.64034   3.86122   -4.22415
  15   -4.4929   0.357828   0.399204
  16   -0.603539   -1.99543   2.19076
  17   0.77037   -2.32925   1.67934
  18   4.19971   -0.279413   0.646791
  19   0.433062   -1.77817   -4.02865
  20   -1.98481   -1.94015   1.73652
  21   0.412755   1.2434   3.64072
  22   -0.283412   1.39053   3.79683
  23   2.10548   -1.61291   1.86136
  24   -0.31636   -1.38719   -3.96051
  25   -2.49083   -0.140189   -0.565661
  26   2.58827   0.178681   0.0540854
  27   -1.5045   0.824848   0.20503
  28   1.27891   1.17511   -0.00878702
           29  -0.882031      -0.343086      -1.725430
           30  -0.739922     -10.301400      -1.843550
           31  -0.096493     -10.286700       1.996790
           32  -0.243510       1.129910      -2.335650
           33   3.620970       1.123650       0.059293
           34   0.346163       1.133650       1.918400
0
0
10
           35   0.029620       6.528010       0.708877
           36  -0.031001       9.187920       0.872575
           37   1.267170      -1.543560      -0.965860
           38   3.659790      -0.543579      -0.159288
           39  -1.276210      -1.504980      -0.921068
           40  -3.662040      -0.505001      -0.113643
           41   0.005091       9.633950       1.581320
           42  -0.005183       6.344240       1.409340
  43   0   0   0
  44   0   0   0
  45   0   -30   0
  46   0   -30   0
  47   -20   -30   0
  48   -20   -30   0
  49   0   0   0
  50   0   0   0
  51   0   -30   0
  52   0   -30   0
  53   -20   -30   0
  54   -20   -30   0
