Bio Model File
v1.00
0
93
h_waist
  1.000000    0.000000    0.000000
  0.000000    1.000000    0.000000
  0.000000    0.000000    1.000000
  0.000000    0.000000    0.000000
left_foot_plate
  1.000000    0.000000    0.000000
  0.000000    1.000000    0.000000
  0.000000    0.000000    1.000000
  0.000000    0.000000    0.000000
right_foot_plate
  1.000000    0.000000    0.000000
  0.000000    1.000000    0.000000
  0.000000    0.000000    1.000000
  0.000000    0.000000    0.000000
h_torso_2
  1.000000    0.000000    0.000000
  0.000000    1.000000    0.000000
  0.000000    0.000000    1.000000
  0.000000    2.988419    0.905000
h_left_up_leg
  0.999512    0.031234    0.000000
  -0.031219    0.999013    -0.031589
  -0.000987    0.031573    0.999501
  3.506875    -1.494209    1.131250
h_right_up_leg
  0.999512    -0.031235    -0.000001
  0.031220    0.999013    -0.031589
  0.000987    0.031573    0.999501
  -3.506875    -1.494209    1.131250
h_torso_3
  1.000000    0.000000    0.000000
  0.000000    1.000000    0.000000
  0.000000    0.000000    1.000000
  0.000000    2.774960    0.226250
h_left_low_leg
  0.999854    -0.017068    -0.000001
  0.017043    0.998419    -0.053556
  0.000915    0.053549    0.998565
  0.000030    -17.010220    -0.000003
h_right_low_leg
  0.999854    0.017066    -0.000001
  -0.017042    0.998419    -0.053556
  -0.000913    0.053548    0.998565
  -0.000024    -17.043501    0.000030
h_torso_4
  1.000000    0.000000    0.000000
  0.000000    1.000000    0.000000
  0.000000    0.000000    1.000000
  0.000000    2.817652    -0.171950
h_left_foot
  0.999899    -0.014218    0.000464
  0.014127    0.996275    0.085063
  -0.001671    -0.085048    0.996376
  -0.000016    -16.087263    0.000026
h_right_foot
  0.999899    0.014219    -0.000464
  -0.014128    0.996276    0.085062
  0.001672    -0.085046    0.996376
  0.000032    -16.087263    0.000030
h_torso_5
  1.000000    0.000000    0.000000
  0.000000    1.000000    0.000000
  0.000000    0.000000    1.000000
  0.000000    2.988419    -0.461550
h_left_toes
  1.000000    0.000000    0.000000
  0.000000    1.000000    0.000000
  0.000000    0.000000    1.000000
  0.208791    -2.322696    4.215336
h_right_toes
  1.000000    0.000000    0.000000
  0.000000    1.000000    0.000000
  0.000000    0.000000    1.000000
  -0.208809    -2.322704    4.215297
h_torso_6
  1.000000    0.000000    0.000000
  0.000000    1.000000    0.000000
  0.000000    0.000000    1.000000
  0.000000    3.073802    -0.407250
h_torso_7
  1.000000    0.000000    0.000000
  0.000000    1.000000    0.000000
  0.000000    0.000000    1.000000
  0.000000    2.561502    -0.244350
h_neck_1
  1.000000    0.000000    0.000000
  0.000000    1.000000    0.000000
  0.000000    0.000000    1.000000
  0.000000    1.599919    0.724000
h_left_shoulder
  1.000000    0.000000    0.000000
  0.000000    1.000000    0.000000
  0.000000    0.000000    1.000000
  2.262500    0.999949    0.606350
h_right_shoulder
  1.000000    0.000000    0.000000
  0.000000    1.000000    0.000000
  0.000000    0.000000    1.000000
  -2.262500    0.999949    0.606350
h_neck_2
  1.000000    0.000000    0.000000
  0.000000    1.000000    0.000000
  0.000000    0.000000    1.000000
  0.000000    2.178947    0.470600
h_left_up_arm
  0.107309    -0.985446    0.131836
  0.994226    0.106362    -0.014229
  0.000000    0.132601    0.991169
  3.632616    -0.615655    0.000000
h_right_up_arm
  0.107309    0.985446    -0.131836
  -0.994226    0.106362    -0.014229
  0.000000    0.132601    0.991169
  -3.632616    -0.615653    0.000000
h_head
  1.000000    0.000000    0.000000
  0.000000    1.000000    0.000000
  0.000000    0.000000    1.000000
  0.000000    3.268421    0.271500
h_left_low_arm
  0.965801    -0.016052    0.258785
  -0.018863    0.991087    0.131873
  -0.258596    -0.132244    0.956891
  0.000014    -10.945516    -0.000014
  -10.980000
  0.000000  1.000000  0.000000
h_right_low_arm
  0.965801    0.016047    -0.258786
  0.018868    0.991087    0.131871
  0.258596    -0.132244    0.956891
  0.000044    -10.945516    -0.000014
  -10.980000
  0.000000  1.000000  0.000000
h_left_wrist
  0.965926    0.000000    -0.258818
  0.000000    1.000000    0.000000
  0.258818    0.000000    0.965926
  -0.000141    -9.716683    -0.000002
h_right_wrist
  0.965926    0.000000    0.258819
  0.000000    1.000000    0.000000
  -0.258819    0.000000    0.965926
  0.000038    -9.716683    0.000026
h_left_hand
  1.000000    0.000000    0.000000
  0.000000    1.000000    0.000000
  0.000000    0.000000    1.000000
  0.000000    0.000036    -0.000007
h_right_hand
  1.000000    0.000000    0.000000
  0.000000    1.000000    0.000000
  0.000000    0.000000    1.000000
  0.000002    0.000034    -0.000007
h_left_mcarpal_2
  0.999922    -0.012466    -0.000000
  0.012413    0.995615    0.092719
  -0.001156    -0.092711    0.995692
  0.000000    -0.000059    0.375044
h_left_mcarpal_3
  0.999200    -0.039990    -0.000000
  0.039943    0.998007    -0.048849
  0.001954    0.048810    0.998806
  -0.000031    0.000002    0.000044
h_left_mcarpal_4
  0.999394    -0.034789    -0.000740
  0.034178    0.985400    -0.166788
  0.006532    0.166662    0.985992
  0.000021    -0.000002    -0.374955
h_left_mcarpal_5
  0.999961    0.006040    0.006408
  -0.004195    0.966527    -0.256531
  -0.007743    0.256494    0.966515
  -0.000023    -0.000040    -0.749960
h_left_up_fing_1
  0.015619    0.374082    -0.927264
  0.342002    0.869443    0.356516
  0.939569    -0.322695    -0.114357
  -0.097170    -0.650055    1.321870
h_left_club
  1.000000    0.000000    0.000000
  0.000000    1.000000    0.000000
  0.000000    0.000000    1.000000
  -0.000021    0.000028    0.000010
h_right_mcarpal_2
  0.999922    0.012466    0.000000
  -0.012413    0.995615    0.092719
  0.001156    -0.092711    0.995692
  0.000002    -0.000049    0.375045
h_right_mcarpal_3
  0.999200    0.039990    0.000000
  -0.039943    0.998007    -0.048849
  -0.001953    0.048810    0.998806
  0.000033    0.000007    0.000044
h_right_mcarpal_4
  0.999394    0.034789    0.000740
  -0.034178    0.985400    -0.166788
  -0.006532    0.166662    0.985992
  -0.000021    0.000001    -0.374955
h_right_mcarpal_5
  0.999961    -0.006040    -0.006408
  0.004195    0.966527    -0.256531
  0.007743    0.256494    0.966515
  0.000024    -0.000034    -0.749959
h_right_up_fing_1
  0.015619    -0.374082    0.927264
  -0.342002    0.869443    0.356516
  -0.939569    -0.322695    -0.114357
  0.097173    -0.650044    1.321870
h_right_club
  1.000000    0.000000    0.000000
  0.000000    1.000000    0.000000
  0.000000    0.000000    1.000000
  0.000021    0.000038    0.000010
h_left_up_fing_2
  0.798706    0.600977    0.029918
  -0.601207    0.799091    -0.001602
  -0.024871    -0.016707    0.999551
  0.000029    -3.887070    0.000018
h_left_up_fing_3
  0.500737    0.865599    -0.000037
  -0.863554    0.499552    -0.068720
  -0.059466    0.034442    0.997636
  0.000031    -3.971320    -0.000021
h_left_up_fing_4
  0.245577    0.969364    0.004970
  -0.968110    0.245515    -0.049851
  -0.049544    0.007431    0.998744
  0.000034    -3.717000    0.000006
h_left_up_fing_5
  0.462933    0.875284    0.139897
  -0.865457    0.480434    -0.142012
  -0.191512    -0.055333    0.979929
  -0.000004    -3.298140    -0.000035
h_left_mid_fing_1
  0.933853    0.357656    0.000000
  -0.357656    0.933853    0.000000
  0.000000    0.000000    1.000000
  -0.000045    -1.966680    -0.000015
h_left_grip
  1.000000    0.000000    0.000000
  0.000000    1.000000    0.000000
  0.000000    0.000000    1.000000
  0.000000    0.000000    0.000000
h_right_up_fing_2
  0.798706    -0.600977    -0.029918
  0.601207    0.799091    -0.001602
  0.024871    -0.016707    0.999551
  -0.000030    -3.887080    0.000017
h_right_up_fing_3
  0.500737    -0.865599    0.000037
  0.863554    0.499551    -0.068720
  0.059466    0.034442    0.997636
  -0.000033    -3.971320    -0.000021
h_right_up_fing_4
  0.245577    -0.969364    -0.004970
  0.968110    0.245515    -0.049851
  0.049544    0.007431    0.998744
  -0.000032    -3.717000    0.000006
h_right_up_fing_5
  0.462933    -0.875284    -0.139897
  0.865457    0.480434    -0.142012
  0.191512    -0.055333    0.979929
  0.000004    -3.298140    -0.000034
h_right_mid_fing_1
  0.933853    -0.357656    0.000000
  0.357656    0.933853    0.000000
  0.000000    0.000000    1.000000
  0.000049    -1.966690    -0.000019
h_right_grip
  1.000000    0.000000    0.000000
  0.000000    1.000000    0.000000
  0.000000    0.000000    1.000000
  0.000000    0.000000    0.000000
h_left_mid_fing_2
  0.568493    0.822688    0.000000
  -0.822688    0.568493    0.000000
  0.000000    0.000000    1.000000
  -0.000015    -1.677910    -0.000021
h_left_mid_fing_3
  0.484443    0.874823    0.000000
  -0.874823    0.484443    0.000000
  0.000000    0.000000    1.000000
  0.000038    -1.558700    0.000046
h_left_mid_fing_4
  0.424651    0.905357    0.000000
  -0.905357    0.424651    0.000000
  0.000000    0.000000    1.000000
  -0.000038    -1.558410    -0.000021
h_left_mid_fing_5
  0.165955    0.986133    0.000000
  -0.986133    0.165955    0.000000
  0.000000    0.000000    1.000000
  0.000038    -1.186700    -0.000032
h_left_low_fing_1
  1.000000    0.000000    0.000000
  0.000000    1.000000    0.000000
  0.000000    0.000000    1.000000
  0.000011    -0.864931    0.000032
h_right_mid_fing_2
  0.568493    -0.822688    0.000000
  0.822688    0.568493    0.000000
  0.000000    0.000000    1.000000
  0.000015    -1.677910    -0.000020
h_right_mid_fing_3
  0.484443    -0.874823    0.000000
  0.874823    0.484443    0.000000
  0.000000    0.000000    1.000000
  -0.000038    -1.558700    0.000045
h_right_mid_fing_4
  0.424651    -0.905357    0.000000
  0.905357    0.424651    0.000000
  0.000000    0.000000    1.000000
  0.000033    -1.558410    -0.000021
h_right_mid_fing_5
  0.165955    -0.986133    0.000000
  0.986133    0.165955    0.000000
  0.000000    0.000000    1.000000
  -0.000037    -1.186700    -0.000035
h_right_low_fing_1
  1.000000    0.000000    0.000000
  0.000000    1.000000    0.000000
  0.000000    0.000000    1.000000
  -0.000012    -0.864931    0.000031
h_left_low_fing_2
  1.000000    0.000000    0.000000
  0.000000    1.000000    0.000000
  0.000000    0.000000    1.000000
  -0.000050    -0.934877    -0.000005
h_left_low_fing_3
  1.000000    0.000000    0.000000
  0.000000    1.000000    0.000000
  0.000000    0.000000    1.000000
  -0.000044    -1.212770    -0.000036
h_left_low_fing_4
  1.000000    0.000000    0.000000
  0.000000    1.000000    0.000000
  0.000000    0.000000    1.000000
  0.000051    -0.946373    0.000048
h_left_low_fing_5
  1.000000    0.000000    0.000000
  0.000000    1.000000    0.000000
  0.000000    0.000000    1.000000
  -0.000041    -0.741287    -0.000042
h_right_low_fing_2
  1.000000    0.000000    0.000000
  0.000000    1.000000    0.000000
  0.000000    0.000000    1.000000
  0.000045    -0.934876    -0.000006
h_right_low_fing_3
  1.000000    0.000000    0.000000
  0.000000    1.000000    0.000000
  0.000000    0.000000    1.000000
  0.000039    -1.212770    -0.000036
h_right_low_fing_4
  1.000000    0.000000    0.000000
  0.000000    1.000000    0.000000
  0.000000    0.000000    1.000000
  -0.000049    -0.946374    0.000049
h_right_low_fing_5
  1.000000    0.000000    0.000000
  0.000000    1.000000    0.000000
  0.000000    0.000000    1.000000
  0.000038    -0.741285    -0.000040
club
  1.000000    0.000000    0.000000
  0.000000    1.000000    0.000000
  0.000000    0.000000    1.000000
  0.000000    0.000000    0.000000
shaft_1
  1.000000    0.000000    0.000000
  0.000000    1.000000    0.000000
  0.000000    0.000000    1.000000
  0.000000    -10.000000    0.000000
shaft_2
  1.000000    0.000000    0.000000
  0.000000    1.000000    0.000000
  0.000000    0.000000    1.000000
  0.000000    -3.111027    0.000000
shaft_3
  1.000000    0.000000    0.000000
  0.000000    1.000000    0.000000
  0.000000    0.000000    1.000000
  0.000000    -3.111027    0.000000
shaft_4
  1.000000    0.000000    0.000000
  0.000000    1.000000    0.000000
  0.000000    0.000000    1.000000
  0.000000    -3.111027    0.000000
shaft_5
  1.000000    0.000000    0.000000
  0.000000    1.000000    0.000000
  0.000000    0.000000    1.000000
  0.000000    -3.111027    0.000000
shaft_6
  1.000000    0.000000    0.000000
  0.000000    1.000000    0.000000
  0.000000    0.000000    1.000000
  0.000000    -3.111027    0.000000
shaft_7
  1.000000    0.000000    0.000000
  0.000000    1.000000    0.000000
  0.000000    0.000000    1.000000
  0.000000    -3.111027    0.000000
shaft_8
  1.000000    0.000000    0.000000
  0.000000    1.000000    0.000000
  0.000000    0.000000    1.000000
  0.000000    -3.111027    0.000000
length
  1.000000    0.000000    0.000000
  0.000000    1.000000    0.000000
  0.000000    0.000000    1.000000
  0.000000    -3.111027    0.000000
hosel
  1.000000    0.000000    0.000000
  0.000000    1.000000    0.000000
  0.000000    0.000000    1.000000
  -0.000048    -2.030041    0.000000
shafttemp_1
  0.996047    0.000000    -0.088826
  0.000000    1.000000    0.000000
  0.088826    0.000000    0.996047
  -0.262268    -0.170159    -0.023389
shafttemp_2
  0.996047    0.000000    -0.088826
  0.000000    1.000000    0.000000
  0.088826    0.000000    0.996047
  0.262268    -0.170159    0.023389
lie
  1.000000    0.000000    0.000000
  0.000000    0.874089    -0.485766
  0.000000    0.485766    0.874089
  0.162403    0.000000    0.000000
loft
  0.853559    0.520995    0.000000
  -0.520995    0.853559    0.000000
  0.000000    0.000000    1.000000
  -0.306854    -0.664838    0.373597
clubface
  1.000000    0.000000    0.000000
  0.000000    1.000000    0.000000
  0.000000    0.000000    1.000000
  -0.000021    0.749252    1.466307
lofttemp
  1.000000    0.000000    0.000000
  0.000000    1.000000    0.000000
  0.000000    0.000000    1.000000
  0.000000    0.000000    0.000000
clubfacetemp_1
  1.000000    0.000000    0.000000
  0.000000    1.000000    0.000000
  0.000000    0.000000    1.000000
  0.000000    0.086069    0.000000
clubfacetemp_2
  1.000000    0.000000    0.000000
  0.000000    1.000000    0.000000
  0.000000    0.000000    1.000000
  -0.000000    -0.224287    -0.000001
clubfacetemp_3
  1.000000    0.000000    0.000000
  0.000000    1.000000    0.000000
  0.000000    0.000000    1.000000
  0.000000    0.000000    0.120582
ball
  1.000000    0.000000    0.000000
  0.000000    1.000000    0.000000
  0.000000    0.000000    1.000000
  0.000000    0.000000    0.000000
34
  1   -1.80524   6.71611   2.38976
  2   2.00437   6.78791   2.32778
  3   0.15293   6.65031   -1.35567
  4   -3.68323   1.75049   0.235832
  5   4.10901   1.6341   0.659686
  6   2.99415   -0.417878   -3.67902
  7   0.0978562   1.90537   -2.32125
  8   -2.63298   -1.29751   -3.55542
  9   2.986   0.955162   -4.98531
  10   -1.97101   0.671685   -4.89697
  11   -7.59185   3.33275   0.0504347
  12   7.77253   2.83226   1.77112
  13   2.78397   2.95272   -4.31684
  14   -2.61349   3.07558   -4.36172
  15   -4.32143   0.188724   0.430187
  16   -0.552353   -1.78909   2.11078
  17   0.485659   -2.22171   1.67206
  18   4.34846   -0.259144   0.693027
  19   0.381733   -1.61414   -3.91086
  20   -2.159   -1.8273   1.88558
  21   0.361074   1.36408   3.60382
  22   -0.252823   1.5698   3.62785
  23   2.13988   -1.62282   1.94746
  24   -0.283227   -1.67989   -3.98309
  25   -1.9707   -0.158695   -1.08877
  26   2.23387   0.323311   -1.06682
  27   -1.89863   0.739453   0.358822
  28   1.68334   1.26049   0.526492
           29  -1.066740      -0.372193      -1.614300
           30  -1.081100     -10.220300      -1.655200
           31   0.202926     -10.176200       2.009960
           32  -1.323490       0.728439      -2.269500
           33   0.466196       0.957775      -0.211226
           34   0.212907       0.359074       2.057690
0
0
10
           35   0.034341       6.818770       0.778231
           36  -0.032199       9.614190       0.797596
           37   1.383360      -1.543510      -0.826396
           38   3.589160      -0.543564      -0.308297
           39  -1.276220      -1.504940      -0.921063
           40  -3.662030      -0.504987      -0.113649
           41   0.031416       9.644560       1.524330
           42  -0.035067       6.330840       1.464560
  43   0   0   0
  44   0   0   0
  45   0   -30   0
  46   0   -30   0
  47   -20   -30   0
  48   -20   -30   0
  49   0   0   0
  50   0   0   0
  51   0   -30   0
  52   0   -30   0
  53   -20   -30   0
  54   -20   -30   0
