Bio Model File
v1.00
-1
93
h_waist
1 0 0
0 1 0
0 0 1
0 0 0
h_torso_2
1 0 0
0 1 0
0 0 1
0 3.5 1
h_torso_3
1 0 0
0 1 0
0 0 1
0 3.25 0.25
h_torso_4
1 0 0
0 1 0
0 0 1
0 3.3 -0.19
h_torso_5
1 0 0
0 1 0
0 0 1
0 3.5 -0.51
h_torso_6
1 0 0
0 1 0
0 0 1
0 3.6 -0.45
h_torso_7
1 0 0
0 1 0
0 0 1
0 3 -0.27
h_neck_1
1 0 0
0 1 0
0 0 1
0 2 0.8
h_neck_2
1 0 0
0 1 0
0 0 1
0 2.4 0.52
h_head
1 0 0
0 1 0
0 0 1
0 3.6 0.3
h_left_up_leg
0.999512 0.0312345 4.42378e-09
-0.0312189 0.999013 -0.0315886
-0.00098666 0.0315732 0.999501
3.875 -1.75 1.25
h_left_low_leg
0.999854 -0.0170676 -5.13683e-07
0.0170431 0.998419 -0.0535564
0.000914591 0.0535486 0.998565
3.34978e-05 -15.3839 -2.98113e-06
h_left_foot
0.999899 -0.0142181 0.000463676
0.0141271 0.996275 0.0850629
-0.00167138 -0.0850477 0.996376
-1.71661e-05 -15.518 2.76566e-05
h_left_toes
1 0 0
0 1 0
0 0 1
0.249905 -2.78007 5.30664
h_right_up_leg
0.999512 -0.0312354 -5.33066e-07
0.0312198 0.999013 -0.0315888
0.000987221 0.0315733 0.999501
-3.875 -1.75 1.25
h_right_low_leg
0.999854 0.0170664 -5.15545e-07
-0.017042 0.998419 -0.0535557
-0.000913491 0.053548 0.998565
-2.59344e-05 -15.414 3.2814e-05
h_right_foot
0.999899 0.0142189 -0.000464044
-0.0141279 0.996276 0.0850616
0.0016718 -0.0850464 0.996376
3.50475e-05 -15.518 3.31402e-05
h_right_toes
1 0 0
0 1 0
0 0 1
-0.249927 -2.78008 5.30659
h_left_shoulder
1 0 0
0 1 0
0 0 1
2.5 1.25 0.67
h_left_up_arm
0.107309 -0.985446 0.131836
0.994226 0.106362 -0.0142294
0 0.132601 0.991169
4.01394 -0.769608 0
h_left_low_arm
0.965801 -0.0160522 0.258785
-0.0188627 0.991087 0.131873
-0.258596 -0.132244 0.956891
1.60501e-05 -11.9759 -1.52588e-05
h_left_wrist
0.965926 0 -0.258818
0 1 0
0.258818 0 0.965926
-0.000156403 -10.0352 -2.38419e-06
h_left_hand
1 0 0
0 1 0
0 0 1
0 3.62396e-05 -6.67572e-06
h_left_mcarpal_2
0.999922 -0.0124665 -6.30971e-08
0.0124128 0.995615 0.0927185
-0.00115581 -0.0927113 0.995692
0 -5.91278e-05 0.375044
h_left_mcarpal_3
0.9992 -0.0399903 -3.74857e-08
0.0399426 0.998007 -0.0488491
0.00195353 0.04881 0.998806
-3.05176e-05 1.90735e-06 4.36306e-05
h_left_mcarpal_4
0.999394 -0.034789 -0.000740341
0.0341783 0.9854 -0.166788
0.00653193 0.166662 0.985992
2.09808e-05 -1.90735e-06 -0.374955
h_left_mcarpal_5
0.999961 0.0060404 0.0064076
-0.00419462 0.966527 -0.256531
-0.00774266 0.256494 0.966515
-2.28882e-05 -4.00543e-05 -0.74996
h_left_up_fing_1
0.0156186 0.374082 -0.927264
0.342002 0.869443 0.356516
0.939569 -0.322695 -0.114357
-0.0971699 -0.650055 1.32187
h_left_mid_fing_1
0.933853 0.357656 0
-0.357656 0.933853 0
0 0 1
-4.48227e-05 -1.96668 -1.52588e-05
h_left_low_fing_1
1 0 0
0 1 0
0 0 1
1.13249e-05 -0.864931 3.24249e-05
h_left_up_fing_2
0.798706 0.600977 0.0299185
-0.601207 0.799091 -0.00160243
-0.0248706 -0.0167074 0.999551
2.86102e-05 -3.88707 1.81198e-05
h_left_mid_fing_2
0.568493 0.822688 0
-0.822688 0.568493 0
0 0 1
-1.52588e-05 -1.67791 -2.0504e-05
h_left_low_fing_2
1 0 0
0 1 0
0 0 1
-4.95911e-05 -0.934877 -5.48363e-06
h_left_up_fing_3
0.500737 0.865599 -3.65563e-05
-0.863554 0.499551 -0.0687201
-0.0594658 0.0344423 0.997636
3.05176e-05 -3.97132 -2.13534e-05
h_left_mid_fing_3
0.484443 0.874823 0
-0.874823 0.484443 0
0 0 1
3.8147e-05 -1.5587 4.60148e-05
h_left_low_fing_3
1 0 0
0 1 0
0 0 1
-4.3869e-05 -1.21277 -3.60012e-05
h_left_up_fing_4
0.245577 0.969364 0.00497019
-0.96811 0.245515 -0.0498512
-0.0495442 0.0074306 0.998744
3.43323e-05 -3.717 6.4373e-06
h_left_mid_fing_4
0.424651 0.905357 0
-0.905357 0.424651 0
0 0 1
-3.8147e-05 -1.55841 -2.09808e-05
h_left_low_fing_4
1 0 0
0 1 0
0 0 1
5.05447e-05 -0.946373 4.76837e-05
h_left_up_fing_5
0.462933 0.875284 0.139897
-0.865457 0.480434 -0.142012
-0.191512 -0.0553328 0.979929
-3.8147e-06 -3.29814 -3.48091e-05
h_left_mid_fing_5
0.165955 0.986133 0
-0.986133 0.165955 0
0 0 1
3.8147e-05 -1.1867 -3.24249e-05
h_left_low_fing_5
1 0 0
0 1 0
0 0 1
-4.1008e-05 -0.741287 -4.19617e-05
h_right_shoulder
1 0 0
0 1 0
0 0 1
-2.5 1.25 0.67
h_right_up_arm
0.107309 0.985446 -0.131836
-0.994226 0.106362 -0.0142294
0 0.132601 0.991169
-4.01394 -0.769605 0
h_right_low_arm
0.965801 0.0160466 -0.258786
0.0188681 0.991087 0.131871
0.258596 -0.132244 0.956891
4.9484e-05 -11.9759 -1.5026e-05
h_right_wrist
0.965926 0 0.258819
0 1 0
-0.258819 0 0.965926
4.16181e-05 -10.0352 2.85292e-05
h_right_hand
1 0 0
0 1 0
0 0 1
1.90735e-06 3.43323e-05 -7.39098e-06
h_right_mcarpal_2
0.999922 0.0124665 6.30971e-08
-0.0124128 0.995615 0.0927185
0.00115581 -0.0927113 0.995692
2.03401e-06 -4.86483e-05 0.375045
h_right_mcarpal_3
0.9992 0.0399903 7.68341e-09
-0.0399426 0.998007 -0.0488491
-0.0019535 0.04881 0.998806
3.28347e-05 6.69621e-06 4.41652e-05
h_right_mcarpal_4
0.999394 0.034789 0.000740341
-0.0341783 0.9854 -0.166788
-0.00653193 0.166662 0.985992
-2.14279e-05 8.8546e-07 -0.374955
h_right_mcarpal_5
0.999961 -0.00604039 -0.00640759
0.00419462 0.966527 -0.256531
0.00774265 0.256494 0.966515
2.36304e-05 -3.42476e-05 -0.749959
h_right_up_fing_1
0.0156186 -0.374082 0.927264
-0.342002 0.869443 0.356516
-0.939569 -0.322695 -0.114357
0.0971726 -0.650044 1.32187
h_right_mid_fing_1
0.933853 -0.357656 0
0.357656 0.933853 0
0 0 1
4.89422e-05 -1.96669 -1.89076e-05
h_right_low_fing_1
1 0 0
0 1 0
0 0 1
-1.21825e-05 -0.864931 3.06407e-05
h_right_up_fing_2
0.798706 -0.600977 -0.0299185
0.601207 0.799091 -0.00160243
0.0248706 -0.0167074 0.999551
-2.96783e-05 -3.88708 1.71217e-05
h_right_mid_fing_2
0.568493 -0.822688 0
0.822688 0.568493 0
0 0 1
1.54945e-05 -1.67791 -2.00676e-05
h_right_low_fing_2
1 0 0
0 1 0
0 0 1
4.46382e-05 -0.934876 -6.31085e-06
h_right_up_fing_3
0.500737 -0.865599 3.66457e-05
0.863554 0.499551 -0.0687201
0.0594658 0.0344424 0.997636
-3.29522e-05 -3.97132 -2.11647e-05
h_right_mid_fing_3
0.484443 -0.874823 0
0.874823 0.484443 0
0 0 1
-3.80029e-05 -1.5587 4.54365e-05
h_right_low_fing_3
1 0 0
0 1 0
0 0 1
3.9465e-05 -1.21277 -3.57789e-05
h_right_up_fing_4
0.245577 -0.969364 -0.00497015
0.96811 0.245515 -0.0498512
0.0495442 0.00743064 0.998744
-3.2042e-05 -3.717 5.74378e-06
h_right_mid_fing_4
0.424651 -0.905357 0
0.905357 0.424651 0
0 0 1
3.29552e-05 -1.55841 -2.07208e-05
h_right_low_fing_4
1 0 0
0 1 0
0 0 1
-4.90129e-05 -0.946374 4.85657e-05
h_right_up_fing_5
0.462933 -0.875284 -0.139897
0.865457 0.480434 -0.142012
0.191512 -0.0553329 0.979929
3.55155e-06 -3.29814 -3.35376e-05
h_right_mid_fing_5
0.165955 -0.986133 0
0.986133 0.165955 0
0 0 1
-3.73671e-05 -1.1867 -3.47577e-05
h_right_low_fing_5
1 0 0
0 1 0
0 0 1
3.77716e-05 -0.741285 -4.03088e-05
club
1 0 0
0 1 0
0 0 1
0 0 0
length
1 0 0
0 1 0
0 0 1
0 -3.3125 0
lie
1 0 0
0 0.887011 -0.461748
0 0.461748 0.887011
0 0 0
loft
0.857167 -0.515039 0
0.515039 0.857167 0
0 0 1
0.306946 -0.664839 0.373598
clubface
1 0 0
0 1 0
0 0 1
-2.03255e-05 0.669989 1.41
ball
1 0 0
0 1 0
0 0 1
0 0 0
hosel
1 0 0
0 1 0
0 0 1
-4.79948e-05 -2.03004 1.5341e-07
shafttemp_1
1 0 0
0 1 0
0 0 1
0 0 0
shafttemp_2
1 0 0
0 1 0
0 0 1
0 0 0
clubfacetemp_1
1 0 0
0 1 0
0 0 1
0 0 4.76837e-07
clubfacetemp_2
1 0 0
0 1 0
0 0 1
0 0 0
clubfacetemp_3
1 0 0
0 1 0
0 0 1
0 0 0
lofttemp
1 0 0
0 1 0
0 0 1
0 0 0
shaft_1
1 0 0
0 1 0
0 0 1
0 -10 4.93982e-13
shaft_2
1 0 0
0 1 0
0 0 1
0 -3.3125 0
shaft_3
1 0 0
0 1 0
0 0 1
0 -3.3125 0
shaft_4
1 0 0
0 1 0
0 0 1
0 -3.3125 0
shaft_5
1 0 0
0 1 0
0 0 1
0 -3.3125 0
shaft_6
1 0 0
0 1 0
0 0 1
0 -3.3125 0
shaft_7
1 0 0
0 1 0
0 0 1
0 -3.3125 0
shaft_8
1 0 0
0 1 0
0 0 1
0 -3.3125 0
h_left_club
1 0 0
0 1 0
0 0 1
-2.14577e-05 2.84172e-05 9.91165e-06
h_right_club
1 0 0
0 1 0
0 0 1
2.14577e-05 3.84297e-05 9.91449e-06
h_left_grip
1 0 0
0 1 0
0 0 1
0 0 0
h_right_grip
1 0 0
0 1 0
0 0 1
0 0 0
