Bio Model File
v1.00
0
93
h_waist
  1.000000    0.000000    0.000000
  0.000000    1.000000    0.000000
  0.000000    0.000000    1.000000
  0.000000    0.000000    0.000000
left_foot_plate
  1.000000    0.000000    0.000000
  0.000000    1.000000    0.000000
  0.000000    0.000000    1.000000
  0.000000    0.000000    0.000000
right_foot_plate
  1.000000    0.000000    0.000000
  0.000000    1.000000    0.000000
  0.000000    0.000000    1.000000
  0.000000    0.000000    0.000000
h_torso_2
  1.000000    0.000000    0.000000
  0.000000    1.000000    0.000000
  0.000000    0.000000    1.000000
  0.000000    3.727144    0.945000
h_left_up_leg
  0.999512    0.031234    0.000000
  -0.031219    0.999013    -0.031589
  -0.000987    0.031573    0.999501
  3.661875    -1.863572    1.181250
h_right_up_leg
  0.999512    -0.031235    -0.000001
  0.031220    0.999013    -0.031589
  0.000987    0.031573    0.999501
  -3.661875    -1.863572    1.181250
h_torso_3
  1.000000    0.000000    0.000000
  0.000000    1.000000    0.000000
  0.000000    0.000000    1.000000
  0.000000    3.460919    0.236250
h_left_low_leg
  0.999854    -0.017068    -0.000001
  0.017043    0.998419    -0.053556
  0.000915    0.053549    0.998565
  0.000031    -15.683249    -0.000003
h_right_low_leg
  0.999854    0.017066    -0.000001
  -0.017042    0.998419    -0.053556
  -0.000913    0.053548    0.998565
  -0.000025    -15.713935    0.000031
h_torso_4
  1.000000    0.000000    0.000000
  0.000000    1.000000    0.000000
  0.000000    0.000000    1.000000
  0.000000    3.514164    -0.179550
h_left_foot
  0.999899    -0.014218    0.000464
  0.014127    0.996275    0.085063
  -0.001671    -0.085048    0.996376
  -0.000016    -17.678097    0.000027
h_right_foot
  0.999899    0.014219    -0.000464
  -0.014128    0.996276    0.085062
  0.001672    -0.085046    0.996376
  0.000033    -17.678097    0.000032
h_torso_5
  1.000000    0.000000    0.000000
  0.000000    1.000000    0.000000
  0.000000    0.000000    1.000000
  0.000000    3.727144    -0.481950
h_left_toes
  1.000000    0.000000    0.000000
  0.000000    1.000000    0.000000
  0.000000    0.000000    1.000000
  0.246905    -2.746699    5.227017
h_right_toes
  1.000000    0.000000    0.000000
  0.000000    1.000000    0.000000
  0.000000    0.000000    1.000000
  -0.246927    -2.746709    5.226968
h_torso_6
  1.000000    0.000000    0.000000
  0.000000    1.000000    0.000000
  0.000000    0.000000    1.000000
  0.000000    3.833633    -0.425250
h_torso_7
  1.000000    0.000000    0.000000
  0.000000    1.000000    0.000000
  0.000000    0.000000    1.000000
  0.000000    3.194695    -0.255150
h_neck_1
  1.000000    0.000000    0.000000
  0.000000    1.000000    0.000000
  0.000000    0.000000    1.000000
  0.000000    1.599990    0.756000
h_left_shoulder
  1.000000    0.000000    0.000000
  0.000000    1.000000    0.000000
  0.000000    0.000000    1.000000
  2.362500    0.999994    0.633150
h_right_shoulder
  1.000000    0.000000    0.000000
  0.000000    1.000000    0.000000
  0.000000    0.000000    1.000000
  -2.362500    0.999994    0.633150
h_neck_2
  1.000000    0.000000    0.000000
  0.000000    1.000000    0.000000
  0.000000    0.000000    1.000000
  0.000000    2.352632    0.491400
h_left_up_arm
  0.107309    -0.985446    0.131836
  0.994226    0.106362    -0.014229
  0.000000    0.132601    0.991169
  3.793173    -0.615683    0.000000
h_right_up_arm
  0.107309    0.985446    -0.131836
  -0.994226    0.106362    -0.014229
  0.000000    0.132601    0.991169
  -3.793173    -0.615680    0.000000
h_head
  1.000000    0.000000    0.000000
  0.000000    1.000000    0.000000
  0.000000    0.000000    1.000000
  0.000000    3.528947    0.283500
h_left_low_arm
  0.965801    -0.016052    0.258785
  -0.018863    0.991087    0.131873
  -0.258596    -0.132244    0.956891
  0.000015    -11.982929    -0.000014
  -10.980000
  0.000000  1.000000  0.000000
h_right_low_arm
  0.965801    0.016047    -0.258786
  0.018868    0.991087    0.131871
  0.258596    -0.132244    0.956891
  0.000046    -11.982929    -0.000014
  -10.980000
  0.000000  1.000000  0.000000
h_left_wrist
  0.965926    0.000000    -0.258818
  0.000000    1.000000    0.000000
  0.258818    0.000000    0.965926
  -0.000147    -10.664988    -0.000002
h_right_wrist
  0.965926    0.000000    0.258819
  0.000000    1.000000    0.000000
  -0.258819    0.000000    0.965926
  0.000040    -10.664988    0.000027
h_left_hand
  1.000000    0.000000    0.000000
  0.000000    1.000000    0.000000
  0.000000    0.000000    1.000000
  0.000000    0.000036    -0.000007
h_right_hand
  1.000000    0.000000    0.000000
  0.000000    1.000000    0.000000
  0.000000    0.000000    1.000000
  0.000002    0.000034    -0.000007
h_left_mcarpal_2
  0.999922    -0.012466    -0.000000
  0.012413    0.995615    0.092719
  -0.001156    -0.092711    0.995692
  0.000000    -0.000059    0.375044
h_left_mcarpal_3
  0.999200    -0.039990    -0.000000
  0.039943    0.998007    -0.048849
  0.001954    0.048810    0.998806
  -0.000031    0.000002    0.000044
h_left_mcarpal_4
  0.999394    -0.034789    -0.000740
  0.034178    0.985400    -0.166788
  0.006532    0.166662    0.985992
  0.000021    -0.000002    -0.374955
h_left_mcarpal_5
  0.999961    0.006040    0.006408
  -0.004195    0.966527    -0.256531
  -0.007743    0.256494    0.966515
  -0.000023    -0.000040    -0.749960
h_left_up_fing_1
  0.015619    0.374082    -0.927264
  0.342002    0.869443    0.356516
  0.939569    -0.322695    -0.114357
  -0.097170    -0.650055    1.321870
h_left_club
  1.000000    0.000000    0.000000
  0.000000    1.000000    0.000000
  0.000000    0.000000    1.000000
  -0.000021    0.000028    0.000010
h_right_mcarpal_2
  0.999922    0.012466    0.000000
  -0.012413    0.995615    0.092719
  0.001156    -0.092711    0.995692
  0.000002    -0.000049    0.375045
h_right_mcarpal_3
  0.999200    0.039990    0.000000
  -0.039943    0.998007    -0.048849
  -0.001953    0.048810    0.998806
  0.000033    0.000007    0.000044
h_right_mcarpal_4
  0.999394    0.034789    0.000740
  -0.034178    0.985400    -0.166788
  -0.006532    0.166662    0.985992
  -0.000021    0.000001    -0.374955
h_right_mcarpal_5
  0.999961    -0.006040    -0.006408
  0.004195    0.966527    -0.256531
  0.007743    0.256494    0.966515
  0.000024    -0.000034    -0.749959
h_right_up_fing_1
  0.015619    -0.374082    0.927264
  -0.342002    0.869443    0.356516
  -0.939569    -0.322695    -0.114357
  0.097173    -0.650044    1.321870
h_right_club
  1.000000    0.000000    0.000000
  0.000000    1.000000    0.000000
  0.000000    0.000000    1.000000
  0.000021    0.000038    0.000010
h_left_up_fing_2
  0.798706    0.600977    0.029918
  -0.601207    0.799091    -0.001602
  -0.024871    -0.016707    0.999551
  0.000029    -3.887070    0.000018
h_left_up_fing_3
  0.500737    0.865599    -0.000037
  -0.863554    0.499552    -0.068720
  -0.059466    0.034442    0.997636
  0.000031    -3.971320    -0.000021
h_left_up_fing_4
  0.245577    0.969364    0.004970
  -0.968110    0.245515    -0.049851
  -0.049544    0.007431    0.998744
  0.000034    -3.717000    0.000006
h_left_up_fing_5
  0.462933    0.875284    0.139897
  -0.865457    0.480434    -0.142012
  -0.191512    -0.055333    0.979929
  -0.000004    -3.298140    -0.000035
h_left_mid_fing_1
  0.933853    0.357656    0.000000
  -0.357656    0.933853    0.000000
  0.000000    0.000000    1.000000
  -0.000045    -1.966680    -0.000015
h_left_grip
  1.000000    0.000000    0.000000
  0.000000    1.000000    0.000000
  0.000000    0.000000    1.000000
  0.000000    0.000000    0.000000
h_right_up_fing_2
  0.798706    -0.600977    -0.029918
  0.601207    0.799091    -0.001602
  0.024871    -0.016707    0.999551
  -0.000030    -3.887080    0.000017
h_right_up_fing_3
  0.500737    -0.865599    0.000037
  0.863554    0.499551    -0.068720
  0.059466    0.034442    0.997636
  -0.000033    -3.971320    -0.000021
h_right_up_fing_4
  0.245577    -0.969364    -0.004970
  0.968110    0.245515    -0.049851
  0.049544    0.007431    0.998744
  -0.000032    -3.717000    0.000006
h_right_up_fing_5
  0.462933    -0.875284    -0.139897
  0.865457    0.480434    -0.142012
  0.191512    -0.055333    0.979929
  0.000004    -3.298140    -0.000034
h_right_mid_fing_1
  0.933853    -0.357656    0.000000
  0.357656    0.933853    0.000000
  0.000000    0.000000    1.000000
  0.000049    -1.966690    -0.000019
h_right_grip
  1.000000    0.000000    0.000000
  0.000000    1.000000    0.000000
  0.000000    0.000000    1.000000
  0.000000    0.000000    0.000000
h_left_mid_fing_2
  0.568493    0.822688    0.000000
  -0.822688    0.568493    0.000000
  0.000000    0.000000    1.000000
  -0.000015    -1.677910    -0.000021
h_left_mid_fing_3
  0.484443    0.874823    0.000000
  -0.874823    0.484443    0.000000
  0.000000    0.000000    1.000000
  0.000038    -1.558700    0.000046
h_left_mid_fing_4
  0.424651    0.905357    0.000000
  -0.905357    0.424651    0.000000
  0.000000    0.000000    1.000000
  -0.000038    -1.558410    -0.000021
h_left_mid_fing_5
  0.165955    0.986133    0.000000
  -0.986133    0.165955    0.000000
  0.000000    0.000000    1.000000
  0.000038    -1.186700    -0.000032
h_left_low_fing_1
  1.000000    0.000000    0.000000
  0.000000    1.000000    0.000000
  0.000000    0.000000    1.000000
  0.000011    -0.864931    0.000032
h_right_mid_fing_2
  0.568493    -0.822688    0.000000
  0.822688    0.568493    0.000000
  0.000000    0.000000    1.000000
  0.000015    -1.677910    -0.000020
h_right_mid_fing_3
  0.484443    -0.874823    0.000000
  0.874823    0.484443    0.000000
  0.000000    0.000000    1.000000
  -0.000038    -1.558700    0.000045
h_right_mid_fing_4
  0.424651    -0.905357    0.000000
  0.905357    0.424651    0.000000
  0.000000    0.000000    1.000000
  0.000033    -1.558410    -0.000021
h_right_mid_fing_5
  0.165955    -0.986133    0.000000
  0.986133    0.165955    0.000000
  0.000000    0.000000    1.000000
  -0.000037    -1.186700    -0.000035
h_right_low_fing_1
  1.000000    0.000000    0.000000
  0.000000    1.000000    0.000000
  0.000000    0.000000    1.000000
  -0.000012    -0.864931    0.000031
h_left_low_fing_2
  1.000000    0.000000    0.000000
  0.000000    1.000000    0.000000
  0.000000    0.000000    1.000000
  -0.000050    -0.934877    -0.000005
h_left_low_fing_3
  1.000000    0.000000    0.000000
  0.000000    1.000000    0.000000
  0.000000    0.000000    1.000000
  -0.000044    -1.212770    -0.000036
h_left_low_fing_4
  1.000000    0.000000    0.000000
  0.000000    1.000000    0.000000
  0.000000    0.000000    1.000000
  0.000051    -0.946373    0.000048
h_left_low_fing_5
  1.000000    0.000000    0.000000
  0.000000    1.000000    0.000000
  0.000000    0.000000    1.000000
  -0.000041    -0.741287    -0.000042
h_right_low_fing_2
  1.000000    0.000000    0.000000
  0.000000    1.000000    0.000000
  0.000000    0.000000    1.000000
  0.000045    -0.934876    -0.000006
h_right_low_fing_3
  1.000000    0.000000    0.000000
  0.000000    1.000000    0.000000
  0.000000    0.000000    1.000000
  0.000039    -1.212770    -0.000036
h_right_low_fing_4
  1.000000    0.000000    0.000000
  0.000000    1.000000    0.000000
  0.000000    0.000000    1.000000
  -0.000049    -0.946374    0.000049
h_right_low_fing_5
  1.000000    0.000000    0.000000
  0.000000    1.000000    0.000000
  0.000000    0.000000    1.000000
  0.000038    -0.741285    -0.000040
club
  1.000000    0.000000    0.000000
  0.000000    1.000000    0.000000
  0.000000    0.000000    1.000000
  0.000000    0.000000    0.000000
shaft_1
  1.000000    0.000000    0.000000
  0.000000    1.000000    0.000000
  0.000000    0.000000    1.000000
  0.000000    -10.500000    0.000042
shaft_2
  1.000000    0.000000    0.000000
  0.000000    1.000000    0.000000
  0.000000    0.000000    1.000000
  0.000000    -3.924243    0.000000
shaft_3
  1.000000    0.000000    0.000000
  0.000000    1.000000    0.000000
  0.000000    0.000000    1.000000
  0.000000    -3.924243    0.000000
shaft_4
  1.000000    0.000000    0.000000
  0.000000    1.000000    0.000000
  0.000000    0.000000    1.000000
  0.000000    -3.924243    0.000000
shaft_5
  1.000000    0.000000    0.000000
  0.000000    1.000000    0.000000
  0.000000    0.000000    1.000000
  0.000000    -3.924243    0.000000
shaft_6
  1.000000    0.000000    0.000000
  0.000000    1.000000    0.000000
  0.000000    0.000000    1.000000
  0.000000    -3.924243    0.000000
shaft_7
  1.000000    0.000000    0.000000
  0.000000    1.000000    0.000000
  0.000000    0.000000    1.000000
  0.000000    -3.924233    0.000000
shaft_8
  1.000000    0.000000    0.000000
  0.000000    1.000000    0.000000
  0.000000    0.000000    1.000000
  0.000000    -3.924243    0.000000
length
  1.000000    0.000000    0.000000
  0.000000    1.000000    0.000000
  0.000000    0.000000    1.000000
  0.000000    -3.924223    0.000000
hosel
  1.000000    0.000000    0.000000
  0.000000    1.000000    0.000000
  0.000000    0.000000    1.000000
  -0.000000    -1.500000    -0.000000
shafttemp_1
  0.998266    0.001054    -0.058856
  -0.001056    0.999999    0.000000
  0.058856    0.000062    0.998267
  0.200311    1.456964    0.011810
shafttemp_2
  0.998266    0.001054    -0.058856
  -0.001056    0.999999    0.000000
  0.058856    0.000062    0.998267
  -0.200311    1.457388    -0.011810
lie
  1.000000    0.000000    0.000000
  0.000000    0.864026    -0.503448
  0.000000    0.503448    0.864026
  -0.052435    0.000000    0.000000
loft
  0.984589    -0.174884    0.000000
  0.174884    0.984589    0.000000
  0.000000    0.000000    1.000000
  0.741681    -1.426950    0.856753
clubface
  1.000000    0.000000    0.000000
  0.000000    1.000000    0.000000
  0.000000    0.000000    1.000000
  0.065000    1.116416    1.179514
lofttemp
  1.000000    0.000000    0.000000
  0.000000    1.000000    0.000000
  0.000000    0.000000    1.000000
  0.032083    0.000000    0.025101
clubfacetemp_1
  1.000000    0.000000    0.000000
  0.000000    1.000000    0.000000
  0.000000    0.000000    1.000000
  0.000000    0.214685    0.000000
clubfacetemp_2
  1.000000    0.000000    0.000000
  0.000000    1.000000    0.000000
  0.000000    0.000000    1.000000
  0.000000    -0.214685    0.000000
clubfacetemp_3
  1.000000    0.000000    0.000000
  0.000000    1.000000    0.000000
  0.000000    0.000000    1.000000
  0.000000    -0.019124    0.340256
ball
  1.000000    0.000000    0.000000
  0.000000    1.000000    0.000000
  0.000000    0.000000    1.000000
  0.000000    0.000000    0.000000
34
  1   -1.70439   6.41475   2.62626
  2   2.60444   6.57958   2.40038
  3   0.402425   6.46107   -1.07987
  4   -3.85673   1.88392   -0.0711039
  5   3.3501   2.18302   -0.121646
  6   3.43684   -0.720388   -3.47604
  7   -0.0194147   1.43152   -3.10006
  8   -3.1823   -1.03597   -3.67404
  9   3.80002   6.19225   -4.89138
  10   -4.36162   6.41906   -4.88728
  11   -7.90475   4.8639   2.87697
  12   7.89739   4.41015   2.94757
  13   1.84718   6.31034   -3.87348
  14   -4.01743   6.31794   -3.41421
  15   -3.85651   -0.129409   0.443055
  16   -0.502366   -1.83189   2.36047
  17   0.685785   -1.85892   2.71164
  18   3.79966   -0.253703   0.259404
  19   0.093042   -2.18049   -4.20021
  20   -2.94691   -2.28681   2.7011
  21   0.11131   1.76173   2.58551
  22   -0.151644   1.46542   2.3211
  23   3.22737   -1.8961   2.76018
  24   -0.115245   -1.60925   -4.02589
  25   -3.13322   -0.142899   0.482051
  26   3.14648   0.131163   -0.0281332
  27   -1.01149   1.5336   -0.219073
  28   1.10599   0.466475   0.0650122
           29   1.479860      -0.536515      -1.311290
           30   1.280510     -11.589300      -1.496980
           31   0.240235     -10.508900       1.941930
           32   0.291572       1.349100      -2.572540
           33  -3.295260       1.460850      -0.094099
           34  -1.313420       1.717730       1.906400
0
0
10
           35  -0.004372       8.518830       0.712825
           36   0.004368      11.980500       0.940615
           37   1.428760      -1.543580      -0.885798
           38   3.760650      -0.543588      -0.300214
           39  -1.440050      -1.505000      -0.827588
           40  -3.760310      -0.505010      -0.263937
           41  -0.025705      10.388500       1.737790
           42   0.022536       6.864300       1.431590
  43   0   0   0
  44   0   0   0
  45   0   -30   0
  46   0   -30   0
  47   -20   -30   0
  48   -20   -30   0
  49   0   0   0
  50   0   0   0
  51   0   -30   0
  52   0   -30   0
  53   -20   -30   0
  54   -20   -30   0
