Bio Model File
v1.00
0
88
h_waist
  1.000000    0.000000    0.000000
  0.000000    1.000000    0.000000
  0.000000    0.000000    1.000000
  0.000000    0.000000    0.000000
h_torso_2
  1.000000    0.000000    0.000000
  0.000000    1.000000    0.000000
  0.000000    0.000000    1.000000
  0.000000    3.088544    0.979946
h_left_up_leg
  0.999512    0.031234    0.000000
  -0.031219    0.999013    -0.031589
  -0.000987    0.031573    0.999501
  3.796926    -1.544272    1.224933
h_right_up_leg
  0.999512    -0.031235    -0.000001
  0.031220    0.999013    -0.031589
  0.000987    0.031573    0.999501
  -3.796926    -1.544272    1.224933
h_torso_3
  1.000000    0.000000    0.000000
  0.000000    1.000000    0.000000
  0.000000    0.000000    1.000000
  0.000000    2.867934    0.244987
h_left_low_leg
  0.999854    -0.017068    -0.000001
  0.017043    0.998419    -0.053556
  0.000915    0.053549    0.998565
  0.000032    -16.789186    -0.000003
h_right_low_leg
  0.999854    0.017066    -0.000001
  -0.017042    0.998419    -0.053556
  -0.000913    0.053548    0.998565
  -0.000025    -16.822037    0.000032
h_torso_4
  1.000000    0.000000    0.000000
  0.000000    1.000000    0.000000
  0.000000    0.000000    1.000000
  0.000000    2.912056    -0.186190
h_left_foot
  0.999899    -0.014218    0.000464
  0.014127    0.996275    0.085063
  -0.001671    -0.085048    0.996376
  -0.000017    -16.833611    0.000028
h_right_foot
  0.999899    0.014219    -0.000464
  -0.014128    0.996276    0.085062
  0.001672    -0.085046    0.996376
  0.000034    -16.833611    0.000032
h_torso_5
  1.000000    0.000000    0.000000
  0.000000    1.000000    0.000000
  0.000000    0.000000    1.000000
  0.000000    3.088544    -0.499773
h_left_toes
  1.000000    0.000000    0.000000
  0.000000    1.000000    0.000000
  0.000000    0.000000    1.000000
  0.232282    -2.584019    4.838859
h_right_toes
  1.000000    0.000000    0.000000
  0.000000    1.000000    0.000000
  0.000000    0.000000    1.000000
  -0.232302    -2.584028    4.838813
h_torso_6
  1.000000    0.000000    0.000000
  0.000000    1.000000    0.000000
  0.000000    0.000000    1.000000
  0.000000    3.176788    -0.440976
h_torso_7
  1.000000    0.000000    0.000000
  0.000000    1.000000    0.000000
  0.000000    0.000000    1.000000
  0.000000    2.647323    -0.264586
h_neck_1
  1.000000    0.000000    0.000000
  0.000000    1.000000    0.000000
  0.000000    0.000000    1.000000
  0.000000    1.599907    0.783957
h_left_shoulder
  1.000000    0.000000    0.000000
  0.000000    1.000000    0.000000
  0.000000    0.000000    1.000000
  2.449630    0.999942    0.656564
h_right_shoulder
  1.000000    0.000000    0.000000
  0.000000    1.000000    0.000000
  0.000000    0.000000    1.000000
  -2.449630    0.999942    0.656564
h_neck_2
  1.000000    0.000000    0.000000
  0.000000    1.000000    0.000000
  0.000000    0.000000    1.000000
  0.000000    2.178896    0.509572
h_left_up_arm
  0.107309    -0.985446    0.131836
  0.994226    0.106362    -0.014229
  0.000000    0.132601    0.991169
  3.933067    -0.615650    0.000000
h_right_up_arm
  0.107309    0.985446    -0.131836
  -0.994226    0.106362    -0.014229
  0.000000    0.132601    0.991169
  -3.933067    -0.615648    0.000000
h_head
  1.000000    0.000000    0.000000
  0.000000    1.000000    0.000000
  0.000000    0.000000    1.000000
  0.000000    3.268344    0.293984
h_left_low_arm
  0.965801    -0.016052    0.258785
  -0.018863    0.991087    0.131873
  -0.258596    -0.132244    0.956891
  0.000016    -10.982563    -0.000015
  -10.980000
  0.000000  1.000000  0.000000
h_right_low_arm
  0.965801    0.016047    -0.258786
  0.018868    0.991087    0.131871
  0.258596    -0.132244    0.956891
  0.000048    -10.982563    -0.000015
  -10.980000
  0.000000  1.000000  0.000000
h_left_wrist
  0.965926    0.000000    -0.258819
  0.000000    1.000000    0.000000
  0.258819    0.000000    0.965926
  -0.000035    -10.906733    0.000029
h_right_wrist
  0.965926    0.000000    0.258819
  0.000000    1.000000    0.000000
  -0.258819    0.000000    0.965926
  0.000041    -10.906733    0.000028
h_left_hand
  1.000000    0.000000    0.000000
  0.000000    1.000000    0.000000
  0.000000    0.000000    1.000000
  -0.000016    -0.000006    -0.000035
h_right_hand
  1.000000    0.000000    0.000000
  0.000000    1.000000    0.000000
  0.000000    0.000000    1.000000
  0.000002    0.000034    -0.000007
h_left_mcarpal_2
  1.000000    0.000000    0.000000
  0.000000    1.000000    0.000000
  0.000000    0.000000    1.000000
  -0.000005    -0.000022    0.374985
h_left_mcarpal_3
  1.000000    0.000000    0.000000
  0.000000    1.000000    0.000000
  0.000000    0.000000    1.000000
  0.000046    0.000024    0.000007
h_left_mcarpal_4
  1.000000    0.000000    0.000000
  0.000000    1.000000    0.000000
  0.000000    0.000000    1.000000
  0.000005    -0.000029    -0.374985
h_left_mcarpal_5
  1.000000    0.000000    0.000000
  0.000000    1.000000    0.000000
  0.000000    0.000000    1.000000
  -0.000015    0.000049    -0.750028
h_left_up_fing_1
  -0.115499    -0.042579    -0.992395
  0.304517    0.949456    -0.076177
  0.945478    -0.311000    -0.096696
  -0.754909    -0.861028    1.035100
h_left_club
  0.986062    -0.009501    0.166108
  -0.081835    0.841560    0.533928
  -0.144862    -0.540080    0.829053
  -0.984645    -0.134509    -1.606020
h_right_mcarpal_2
  1.000000    0.000000    0.000000
  0.000000    1.000000    0.000000
  0.000000    0.000000    1.000000
  0.000002    -0.000049    0.375045
h_right_mcarpal_3
  1.000000    0.000000    0.000000
  0.000000    1.000000    0.000000
  0.000000    0.000000    1.000000
  0.000033    0.000007    0.000044
h_right_mcarpal_4
  1.000000    0.000000    0.000000
  0.000000    1.000000    0.000000
  0.000000    0.000000    1.000000
  -0.000021    0.000001    -0.374955
h_right_mcarpal_5
  1.000000    0.000000    0.000000
  0.000000    1.000000    0.000000
  0.000000    0.000000    1.000000
  0.000024    -0.000034    -0.749959
h_right_up_fing_1
  0.152851    0.026463    0.987895
  -0.198021    0.980188    0.004382
  -0.968207    -0.196293    0.155063
  0.591663    -0.396227    0.872921
h_right_club
  0.955506    0.294311    -0.019716
  -0.242491    0.821809    0.515585
  0.167945    -0.487864    0.856611
  2.982420    2.569740    -2.612090
h_left_up_fing_2
  0.945232    0.321579    -0.055887
  -0.326083    0.937902    -0.118365
  0.014353    0.130106    0.991396
  0.145092    -3.809990    0.895253
h_left_up_fing_3
  0.591642    0.805678    -0.029027
  -0.541936    0.370794    -0.754200
  -0.596879    0.461947    0.656003
  0.344471    -3.999390    0.392569
h_left_up_fing_4
  0.351802    0.935969    0.014036
  -0.658710    0.258187    -0.706711
  -0.665084    0.239377    0.707363
  0.278972    -3.551230    -0.207249
h_left_up_fing_5
  -0.064919    0.988720    -0.134978
  -0.617045    -0.146078    -0.773251
  -0.784245    0.033089    0.619568
  -0.010699    -3.407150    -0.620592
h_left_mid_fing_1
  0.990874    -0.021413    0.133078
  0.030916    0.997085    -0.069761
  -0.131197    0.073239    0.988647
  -0.052758    -1.339820    0.018578
h_right_up_fing_2
  0.989601    -0.143795    -0.003636
  0.143840    0.989238    0.026800
  -0.000257    -0.027044    0.999634
  -0.405764    -3.662620    0.895876
h_right_up_fing_3
  0.218570    -0.939831    -0.262572
  0.702033    0.338339    -0.626639
  0.677773    -0.047370    0.733743
  -0.429791    -3.630290    0.469783
h_right_up_fing_4
  0.055814    -0.989160    -0.135818
  0.703553    0.135485    -0.697608
  0.708447    -0.056619    0.703489
  -0.223988    -3.367370    -0.231641
h_right_up_fing_5
  -0.203255    -0.974902    -0.090848
  0.751148    -0.095740    -0.653155
  0.628064    -0.200997    0.751755
  -0.118703    -2.866750    -0.619935
h_right_mid_fing_1
  0.994182    0.018286    -0.106146
  -0.017021    0.999773    0.012811
  0.106356    -0.010930    0.994268
  -0.219610    -1.998750    0.223383
h_left_mid_fing_2
  -0.324074    0.945830    0.019540
  -0.943229    -0.324634    0.070229
  0.072768    0.004329    0.997339
  -0.142747    -1.640960    0.217875
h_left_mid_fing_3
  0.311639    0.950159    0.008920
  -0.949211    0.311729    -0.042706
  -0.043359    0.004842    0.999048
  -0.041226    -1.498540    0.014518
h_left_mid_fing_4
  0.452870    0.891356    0.019799
  -0.887388    0.452782    -0.086787
  -0.086323    0.021734    0.996030
  0.030214    -1.528840    -0.040797
h_left_mid_fing_5
  0.537561    0.836843    0.103543
  -0.834835    0.545464    -0.074290
  -0.118648    -0.046506    0.991847
  -0.190489    -1.479530    0.008250
h_left_low_fing_1
  0.993063    -0.054819    0.104021
  0.045805    0.995141    0.087153
  -0.108293    -0.081784    0.990749
  -0.165451    -1.700690    0.185401
h_right_mid_fing_2
  0.109729    -0.988327    -0.105685
  0.986668    0.121164    -0.108657
  0.120194    -0.092354    0.988445
  0.286935    -1.556560    -0.121600
h_right_mid_fing_3
  0.304518    -0.952468    -0.008564
  0.951149    0.304551    -0.050642
  0.050843    0.007276    0.998680
  -0.078458    -1.449800    -0.079192
h_right_mid_fing_4
  0.636718    -0.768540    -0.062747
  0.768694    0.639048    -0.026981
  0.060834    -0.031054    0.997665
  0.052534    -1.373940    0.080673
h_right_mid_fing_5
  0.732715    -0.676450    -0.074451
  0.679383    0.733448    0.022206
  0.039585    -0.066852    0.996977
  -0.111714    -1.523110    0.049516
h_right_low_fing_1
  0.998635    -0.003765    -0.052091
  0.004589    0.999866    0.015702
  0.052025    -0.015919    0.998519
  -0.138650    -1.231280    0.043514
h_left_low_fing_2
  0.779544    0.618761    0.097190
  -0.617932    0.785106    -0.042057
  -0.102328    -0.027271    0.994377
  0.145714    -0.976425    -0.048944
h_left_low_fing_3
  0.453299    0.890031    0.048628
  -0.887527    0.455732    -0.067860
  -0.082559    -0.012398    0.996509
  -0.001538    -0.903518    -0.027043
h_left_low_fing_4
  0.510614    0.853112    0.107116
  -0.859736    0.508224    0.050610
  -0.011263    -0.117933    0.992958
  -0.249621    -0.856838    0.116751
h_left_low_fing_5
  0.884264    0.466655    -0.017622
  -0.465975    0.884202    0.032482
  0.030739    -0.020511    0.999317
  -0.047054    -0.677236    -0.019745
h_right_low_fing_2
  0.328728    -0.942766    0.055949
  0.940967    0.321884    -0.104748
  0.080744    0.087080    0.992924
  0.119664    -0.777492    0.044353
h_right_low_fing_3
  0.915085    -0.403095    -0.011554
  0.402700    0.914948    -0.026517
  0.021260    0.019612    0.999582
  -0.119075    -0.899050    -0.098517
h_right_low_fing_4
  0.935859    -0.352013    0.015956
  0.351939    0.935994    0.007303
  -0.017506    -0.001219    0.999846
  0.114292    -0.753986    0.040637
h_right_low_fing_5
  0.915429    -0.341244    0.213408
  0.345988    0.938104    0.015910
  -0.205629    0.059272    0.976834
  0.203135    -0.807365    -0.004770
club
  1.000000    0.000000    0.000000
  0.000000    1.000000    0.000000
  0.000000    0.000000    1.000000
  0.000000    0.000000    0.000000
shaft_1
  1.000000    0.000000    0.000000
  0.000000    1.000000    0.000000
  0.000000    0.000000    1.000000
  0.000000    -10.470000    0.000000
shaft_2
  1.000000    0.000000    0.000000
  0.000000    1.000000    0.000000
  0.000000    0.000000    1.000000
  0.000000    -4.114507    0.000000
shaft_3
  1.000000    0.000000    0.000000
  0.000000    1.000000    0.000000
  0.000000    0.000000    1.000000
  0.000000    -3.854507    0.000000
shaft_4
  1.000000    0.000000    0.000000
  0.000000    1.000000    0.000000
  0.000000    0.000000    1.000000
  0.000000    -3.854507    0.000000
shaft_5
  1.000000    0.000000    0.000000
  0.000000    1.000000    0.000000
  0.000000    0.000000    1.000000
  0.000000    -3.854507    0.000000
shaft_6
  1.000000    0.000000    0.000000
  0.000000    1.000000    0.000000
  0.000000    0.000000    1.000000
  0.000000    -3.854507    0.000000
shaft_7
  1.000000    0.000000    0.000000
  0.000000    1.000000    0.000000
  0.000000    0.000000    1.000000
  0.000000    -3.864497    0.000000
shaft_8
  1.000000    0.000000    0.000000
  0.000000    1.000000    0.000000
  0.000000    0.000000    1.000000
  0.000000    -3.854507    0.000000
length
  1.000000    0.000000    0.000000
  0.000000    1.000000    0.000000
  0.000000    0.000000    1.000000
  0.000000    -3.964487    0.000000
hosel
  1.000000    0.000000    0.000000
  0.000000    1.000000    0.000000
  0.000000    0.000000    1.000000
  -0.000000    -2.110000    -0.000000
shafttemp_1
  0.996283    0.000000    0.086142
  0.000000    1.000000    0.000000
  -0.086142    0.000000    0.996283
  1.346717    0.879045    0.000000
shafttemp_2
  0.996283    0.000000    0.086142
  0.000000    1.000000    0.000000
  -0.086142    0.000000    0.996283
  -1.346717    0.879045    0.000000
lie
  1.000000    0.000000    0.000000
  0.000000    0.850600    -0.525814
  0.000000    0.525814    0.850600
  -0.086896    0.000000    0.000000
loft
  0.984800    -0.173694    0.000000
  0.173694    0.984800    0.000000
  0.000000    0.000000    1.000000
  0.660000    -0.964471    0.626334
clubface
  1.000000    0.000000    0.000000
  0.000000    1.000000    0.000000
  0.000000    0.000000    1.000000
  0.140000    0.915682    1.416496
clubfacetemp_1
  1.000000    0.000000    0.000000
  0.000000    1.000000    0.000000
  0.000000    0.000000    1.000000
  0.000000    1.114890    0.000000
clubfacetemp_2
  1.000000    0.000000    0.000000
  0.000000    1.000000    0.000000
  0.000000    0.000000    1.000000
  0.000000    -1.290197    0.000000
clubfacetemp_3
  1.000000    0.000000    0.000000
  0.000000    1.000000    0.000000
  0.000000    0.000000    1.000000
  0.000000    0.000000    1.139282
ball
  1.000000    0.000000    0.000000
  0.000000    1.000000    0.000000
  0.000000    0.000000    1.000000
  0.000000    0.000000    0.000000
34
  1   -2.5304   5.74618   3.11153
  2   1.8367   6.14583   3.15027
  3   -0.251517   5.39328   -0.833722
  4   -4.44561   1.47493   0.795826
  5   3.98214   1.88533   0.341831
  6   3.64577   -0.356266   -3.11726
  7   0.137231   1.74003   -1.86634
  8   -3.3538   -0.772793   -3.63844
  9   2.74794   2.73694   -5.34213
  10   -2.77945   2.38578   -5.71772
  11   -8.00904   2.38789   2.0323
  12   7.35914   1.96134   3.53686
  13   4.00812   2.97355   -4.27401
  14   -4.15022   2.95339   -4.14486
  15   -4.12669   -0.54267   0.406133
  16   -0.620844   -2.59756   2.31738
  17   0.394118   -1.79859   2.35414
  18   3.88137   0.563435   0.44055
  19   0.200058   -1.51099   -3.89322
  20   -2.43694   -1.83184   1.80625
  21   0.223165   1.41492   2.65787
  22   -0.0906074   1.34739   2.57711
  23   1.95482   -1.97124   1.60464
  24   -0.0830238   -1.85178   -3.92175
  25   -2.49546   0.436715   -1.25117
  26   2.66128   -0.252245   -0.939354
  27   -1.66545   0.864484   0.574059
  28   1.59878   1.13557   0.374833
           29   1.342530      -0.551880      -1.591870
           30   1.783440     -11.593300      -0.381453
           31  -0.134518     -11.137100       1.936030
           32   0.238409       1.050480      -2.494330
           33  -3.243220       1.280400      -0.227273
           34  -0.433274       1.195060       1.887670
0
0
10
           35   0.011904       7.046760       0.838690
           36  -0.012615       9.936930       0.869164
           37   1.371980      -1.543480      -1.045860
           38   3.962480      -0.543584      -0.172467
           39  -1.381800      -1.504870      -0.997356
           40  -3.964880      -0.505039      -0.123048
           41   0.005290       9.635280       1.652090
           42  -0.002824       6.341240       1.473480
  43   0   0   0
  44   0   0   0
  45   0   -30   0
  46   0   -30   0
  47   -20   -30   0
  48   -20   -30   0
  49   0   0   0
  50   0   0   0
  51   0   -30   0
  52   0   -30   0
  53   -20   -30   0
  54   -20   -30   0
