Bio Model File
v1.00
0
18
club
  1.000000    0.000000    0.000000
  0.000000    1.000000    0.000000
  0.000000    0.000000    1.000000
  0.000000    0.000000    0.000000
length
  1.000000    0.000000    0.000000
  0.000000    1.000000    0.000000
  0.000000    0.000000    1.000000
  -0.000000    -30.894085    -0.000000
left_grip
  1.000000    0.000000    0.000000
  0.000000    1.000000    0.000000
  0.000000    0.000000    1.000000
  0.000000    0.000000    0.000000
right_grip
  1.000000    0.000000    0.000000
  0.000000    1.000000    0.000000
  0.000000    0.000000    1.000000
  0.000000    0.000000    0.000000
left_grip2
  1.000000    0.000000    0.000000
  0.000000    1.000000    0.000000
  0.000000    0.000000    1.000000
  0.000000    0.000000    0.000000
right_grip2
  1.000000    0.000000    0.000000
  0.000000    1.000000    0.000000
  0.000000    0.000000    1.000000
  0.000000    0.000000    0.000000
lie
  1.000000    0.000000    0.000000
  0.000000    0.996896    -0.078728
  0.000000    0.078728    0.996896
  0.000000    -0.861053    -0.000024
shafttemp_1
  0.995932    0.000000    -0.090111
  0.000000    1.000000    0.000000
  0.090111    0.000000    0.995932
  1.234658    0.494396    0.000000
shafttemp_2
  0.995932    0.000000    -0.090111
  0.000000    1.000000    0.000000
  0.090111    0.000000    0.995932
  -1.234658    0.494396    0.000000
offset
  1.000000    0.000000    0.000000
  0.000000    1.000000    0.000000
  0.000000    0.000000    1.000000
  0.269972    -0.000008    0.000023
hosel
  1.000000    0.000000    0.000000
  0.000000    0.955233    -0.295854
  0.000000    0.295854    0.955233
  -0.100000    -2.269990    -0.000021
putter_head
  1.000000    0.000000    0.000000
  0.000000    1.000000    0.000000
  0.000000    0.000000    1.000000
  0.000000    -0.879986    0.303693
loft
  0.998046    -0.062484    0.000000
  0.062484    0.998046    0.000000
  0.000000    0.000000    1.000000
  0.000000    -0.000000    -0.000001
clubface
  1.000000    0.000000    0.000000
  0.000000    1.000000    0.000000
  0.000000    0.000000    1.000000
  0.000000    0.449994    -0.000005
clubfacetemp_1
  1.000000    0.000000    0.000000
  0.000000    1.000000    0.000000
  0.000000    0.000000    1.000000
  0.000000    0.999227    0.000000
clubfacetemp_2
  1.000000    0.000000    0.000000
  0.000000    1.000000    0.000000
  0.000000    0.000000    1.000000
  0.000000    -1.289264    0.000000
clubfacetemp_3
  1.000000    0.000000    0.000000
  0.000000    1.000000    0.000000
  0.000000    0.000000    1.000000
  0.000000    0.000000    1.143039
ball
  1.000000    0.000000    0.000000
  0.000000    1.000000    0.000000
  0.000000    0.000000    1.000000
  0.000000    0.000000    0.000000
5
  1   1.92591   -11.2333   0.161006
  2   -1.86754   -11.2467   -0.0801792
  3   -0.368571   -0.113973   -2.12723
  4   -0.410593   -0.025502   2.18677
            5   0.000000       0.000000       0.000000
0
0
0
