Bio Model File
v1.00
0
88
h_waist
  1.000000    0.000000    0.000000
  0.000000    1.000000    0.000000
  0.000000    0.000000    1.000000
  0.000000    0.000000    0.000000
h_torso_2
  1.000000    0.000000    0.000000
  0.000000    1.000000    0.000000
  0.000000    0.000000    1.000000
  0.000000    3.431777    0.944852
h_left_up_leg
  0.999512    0.031234    0.000000
  -0.031219    0.999013    -0.031589
  -0.000987    0.031573    0.999501
  3.663094    -1.715888    1.181065
h_right_up_leg
  0.999512    -0.031235    -0.000001
  0.031220    0.999013    -0.031589
  0.000987    0.031573    0.999501
  -3.663094    -1.715888    1.181065
h_torso_3
  1.000000    0.000000    0.000000
  0.000000    1.000000    0.000000
  0.000000    0.000000    1.000000
  0.000000    3.186650    0.236213
h_left_low_leg
  0.999854    -0.017068    -0.000001
  0.017043    0.998419    -0.053556
  0.000915    0.053549    0.998565
  0.000031    -17.132397    -0.000003
h_right_low_leg
  0.999854    0.017066    -0.000001
  -0.017042    0.998419    -0.053556
  -0.000913    0.053548    0.998565
  -0.000025    -17.165918    0.000031
h_torso_4
  1.000000    0.000000    0.000000
  0.000000    1.000000    0.000000
  0.000000    0.000000    1.000000
  0.000000    3.235675    -0.179522
h_left_foot
  0.999899    -0.014218    0.000464
  0.014127    0.996275    0.085063
  -0.001671    -0.085048    0.996376
  -0.000016    -18.413710    0.000027
h_right_foot
  0.999899    0.014219    -0.000464
  -0.014128    0.996276    0.085062
  0.001672    -0.085046    0.996376
  0.000033    -18.413710    0.000032
h_torso_5
  1.000000    0.000000    0.000000
  0.000000    1.000000    0.000000
  0.000000    0.000000    1.000000
  0.000000    3.431777    -0.481874
h_left_toes
  1.000000    0.000000    0.000000
  0.000000    1.000000    0.000000
  0.000000    0.000000    1.000000
  0.252933    -2.813758    5.387021
h_right_toes
  1.000000    0.000000    0.000000
  0.000000    1.000000    0.000000
  0.000000    0.000000    1.000000
  -0.252956    -2.813769    5.386971
h_torso_6
  1.000000    0.000000    0.000000
  0.000000    1.000000    0.000000
  0.000000    0.000000    1.000000
  0.000000    3.529827    -0.425183
h_torso_7
  1.000000    0.000000    0.000000
  0.000000    1.000000    0.000000
  0.000000    0.000000    1.000000
  0.000000    2.941523    -0.255110
h_neck_1
  1.000000    0.000000    0.000000
  0.000000    1.000000    0.000000
  0.000000    0.000000    1.000000
  0.000000    1.599880    0.755881
h_left_shoulder
  1.000000    0.000000    0.000000
  0.000000    1.000000    0.000000
  0.000000    0.000000    1.000000
  2.363286    0.999925    0.633051
h_right_shoulder
  1.000000    0.000000    0.000000
  0.000000    1.000000    0.000000
  0.000000    0.000000    1.000000
  -2.363286    0.999925    0.633051
h_neck_2
  1.000000    0.000000    0.000000
  0.000000    1.000000    0.000000
  0.000000    0.000000    1.000000
  0.000000    2.021030    0.491323
h_left_up_arm
  0.107309    -0.985446    0.131836
  0.994226    0.106362    -0.014229
  0.000000    0.132601    0.991169
  3.794436    -0.615640    0.000000
h_right_up_arm
  0.107309    0.985446    -0.131836
  -0.994226    0.106362    -0.014229
  0.000000    0.132601    0.991169
  -3.794436    -0.615638    0.000000
h_head
  1.000000    0.000000    0.000000
  0.000000    1.000000    0.000000
  0.000000    0.000000    1.000000
  0.000000    3.031545    0.283456
h_left_low_arm
  0.965801    -0.016052    0.258785
  -0.018863    0.991087    0.131873
  -0.258596    -0.132244    0.956891
  0.000015    -12.641780    -0.000014
  -10.980000
  0.000000  1.000000  0.000000
h_right_low_arm
  0.965801    0.016047    -0.258786
  0.018868    0.991087    0.131871
  0.258596    -0.132244    0.956891
  0.000046    -12.641780    -0.000014
  -10.980000
  0.000000  1.000000  0.000000
h_left_wrist
  0.965926    0.000000    -0.258819
  0.000000    1.000000    0.000000
  0.258819    0.000000    0.965926
  -0.000034    -11.497048    0.000028
h_right_wrist
  0.965926    0.000000    0.258819
  0.000000    1.000000    0.000000
  -0.258819    0.000000    0.965926
  0.000040    -11.497048    0.000027
h_left_hand
  1.000000    0.000000    0.000000
  0.000000    1.000000    0.000000
  0.000000    0.000000    1.000000
  -0.000016    -0.000006    -0.000035
h_right_hand
  1.000000    0.000000    0.000000
  0.000000    1.000000    0.000000
  0.000000    0.000000    1.000000
  0.000002    0.000034    -0.000007
h_left_mcarpal_2
  1.000000    0.000000    0.000000
  0.000000    1.000000    0.000000
  0.000000    0.000000    1.000000
  -0.000005    -0.000022    0.374985
h_left_mcarpal_3
  1.000000    0.000000    0.000000
  0.000000    1.000000    0.000000
  0.000000    0.000000    1.000000
  0.000046    0.000024    0.000007
h_left_mcarpal_4
  1.000000    0.000000    0.000000
  0.000000    1.000000    0.000000
  0.000000    0.000000    1.000000
  0.000005    -0.000029    -0.374985
h_left_mcarpal_5
  1.000000    0.000000    0.000000
  0.000000    1.000000    0.000000
  0.000000    0.000000    1.000000
  -0.000015    0.000049    -0.750028
h_left_up_fing_1
  -0.115499    -0.042579    -0.992395
  0.304517    0.949456    -0.076177
  0.945478    -0.311000    -0.096696
  -0.754909    -0.861028    1.035100
h_left_club
  0.986062    -0.009501    0.166108
  -0.081835    0.841560    0.533928
  -0.144862    -0.540080    0.829053
  -0.984645    -0.134509    -1.606020
h_right_mcarpal_2
  1.000000    0.000000    0.000000
  0.000000    1.000000    0.000000
  0.000000    0.000000    1.000000
  0.000002    -0.000049    0.375045
h_right_mcarpal_3
  1.000000    0.000000    0.000000
  0.000000    1.000000    0.000000
  0.000000    0.000000    1.000000
  0.000033    0.000007    0.000044
h_right_mcarpal_4
  1.000000    0.000000    0.000000
  0.000000    1.000000    0.000000
  0.000000    0.000000    1.000000
  -0.000021    0.000001    -0.374955
h_right_mcarpal_5
  1.000000    0.000000    0.000000
  0.000000    1.000000    0.000000
  0.000000    0.000000    1.000000
  0.000024    -0.000034    -0.749959
h_right_up_fing_1
  0.152851    0.026463    0.987895
  -0.198021    0.980188    0.004382
  -0.968207    -0.196293    0.155063
  0.591663    -0.396227    0.872921
h_right_club
  0.955506    0.294311    -0.019716
  -0.242491    0.821809    0.515585
  0.167945    -0.487864    0.856611
  2.982420    2.569740    -2.612090
h_left_up_fing_2
  0.945232    0.321579    -0.055887
  -0.326083    0.937902    -0.118365
  0.014353    0.130106    0.991396
  0.145092    -3.809990    0.895253
h_left_up_fing_3
  0.591642    0.805678    -0.029027
  -0.541936    0.370794    -0.754200
  -0.596879    0.461947    0.656003
  0.344471    -3.999390    0.392569
h_left_up_fing_4
  0.351802    0.935969    0.014036
  -0.658710    0.258187    -0.706711
  -0.665084    0.239377    0.707363
  0.278972    -3.551230    -0.207249
h_left_up_fing_5
  -0.064919    0.988720    -0.134978
  -0.617045    -0.146078    -0.773251
  -0.784245    0.033089    0.619568
  -0.010699    -3.407150    -0.620592
h_left_mid_fing_1
  0.990874    -0.021413    0.133078
  0.030916    0.997085    -0.069761
  -0.131197    0.073239    0.988647
  -0.052758    -1.339820    0.018578
h_right_up_fing_2
  0.989601    -0.143795    -0.003636
  0.143840    0.989238    0.026800
  -0.000257    -0.027044    0.999634
  -0.405764    -3.662620    0.895876
h_right_up_fing_3
  0.218570    -0.939831    -0.262572
  0.702033    0.338339    -0.626639
  0.677773    -0.047370    0.733743
  -0.429791    -3.630290    0.469783
h_right_up_fing_4
  0.055814    -0.989160    -0.135818
  0.703553    0.135485    -0.697608
  0.708447    -0.056619    0.703489
  -0.223988    -3.367370    -0.231641
h_right_up_fing_5
  -0.203255    -0.974902    -0.090848
  0.751148    -0.095740    -0.653155
  0.628064    -0.200997    0.751755
  -0.118703    -2.866750    -0.619935
h_right_mid_fing_1
  0.994182    0.018286    -0.106146
  -0.017021    0.999773    0.012811
  0.106356    -0.010930    0.994268
  -0.219610    -1.998750    0.223383
h_left_mid_fing_2
  -0.324074    0.945830    0.019540
  -0.943229    -0.324634    0.070229
  0.072768    0.004329    0.997339
  -0.142747    -1.640960    0.217875
h_left_mid_fing_3
  0.311639    0.950159    0.008920
  -0.949211    0.311729    -0.042706
  -0.043359    0.004842    0.999048
  -0.041226    -1.498540    0.014518
h_left_mid_fing_4
  0.452870    0.891356    0.019799
  -0.887388    0.452782    -0.086787
  -0.086323    0.021734    0.996030
  0.030214    -1.528840    -0.040797
h_left_mid_fing_5
  0.537561    0.836843    0.103543
  -0.834835    0.545464    -0.074290
  -0.118648    -0.046506    0.991847
  -0.190489    -1.479530    0.008250
h_left_low_fing_1
  0.993063    -0.054819    0.104021
  0.045805    0.995141    0.087153
  -0.108293    -0.081784    0.990749
  -0.165451    -1.700690    0.185401
h_right_mid_fing_2
  0.109729    -0.988327    -0.105685
  0.986668    0.121164    -0.108657
  0.120194    -0.092354    0.988445
  0.286935    -1.556560    -0.121600
h_right_mid_fing_3
  0.304518    -0.952468    -0.008564
  0.951149    0.304551    -0.050642
  0.050843    0.007276    0.998680
  -0.078458    -1.449800    -0.079192
h_right_mid_fing_4
  0.636718    -0.768540    -0.062747
  0.768694    0.639048    -0.026981
  0.060834    -0.031054    0.997665
  0.052534    -1.373940    0.080673
h_right_mid_fing_5
  0.732715    -0.676450    -0.074451
  0.679383    0.733448    0.022206
  0.039585    -0.066852    0.996977
  -0.111714    -1.523110    0.049516
h_right_low_fing_1
  0.998635    -0.003765    -0.052091
  0.004589    0.999866    0.015702
  0.052025    -0.015919    0.998519
  -0.138650    -1.231280    0.043514
h_left_low_fing_2
  0.779544    0.618761    0.097190
  -0.617932    0.785106    -0.042057
  -0.102328    -0.027271    0.994377
  0.145714    -0.976425    -0.048944
h_left_low_fing_3
  0.453299    0.890031    0.048628
  -0.887527    0.455732    -0.067860
  -0.082559    -0.012398    0.996509
  -0.001538    -0.903518    -0.027043
h_left_low_fing_4
  0.510614    0.853112    0.107116
  -0.859736    0.508224    0.050610
  -0.011263    -0.117933    0.992958
  -0.249621    -0.856838    0.116751
h_left_low_fing_5
  0.884264    0.466655    -0.017622
  -0.465975    0.884202    0.032482
  0.030739    -0.020511    0.999317
  -0.047054    -0.677236    -0.019745
h_right_low_fing_2
  0.328728    -0.942766    0.055949
  0.940967    0.321884    -0.104748
  0.080744    0.087080    0.992924
  0.119664    -0.777492    0.044353
h_right_low_fing_3
  0.915085    -0.403095    -0.011554
  0.402700    0.914948    -0.026517
  0.021260    0.019612    0.999582
  -0.119075    -0.899050    -0.098517
h_right_low_fing_4
  0.935859    -0.352013    0.015956
  0.351939    0.935994    0.007303
  -0.017506    -0.001219    0.999846
  0.114292    -0.753986    0.040637
h_right_low_fing_5
  0.915429    -0.341244    0.213408
  0.345988    0.938104    0.015910
  -0.205629    0.059272    0.976834
  0.203135    -0.807365    -0.004770
club
  1.000000    0.000000    0.000000
  0.000000    1.000000    0.000000
  0.000000    0.000000    1.000000
  0.000000    0.000000    0.000000
shaft_1
  1.000000    0.000000    0.000000
  0.000000    1.000000    0.000000
  0.000000    0.000000    1.000000
  0.000000    -10.500000    0.000042
shaft_2
  1.000000    0.000000    0.000000
  0.000000    1.000000    0.000000
  0.000000    0.000000    1.000000
  0.000000    -3.932494    0.000000
shaft_3
  1.000000    0.000000    0.000000
  0.000000    1.000000    0.000000
  0.000000    0.000000    1.000000
  0.000000    -3.932494    0.000000
shaft_4
  1.000000    0.000000    0.000000
  0.000000    1.000000    0.000000
  0.000000    0.000000    1.000000
  0.000000    -3.932494    0.000000
shaft_5
  1.000000    0.000000    0.000000
  0.000000    1.000000    0.000000
  0.000000    0.000000    1.000000
  0.000000    -3.932494    0.000000
shaft_6
  1.000000    0.000000    0.000000
  0.000000    1.000000    0.000000
  0.000000    0.000000    1.000000
  0.000000    -3.932494    0.000000
shaft_7
  1.000000    0.000000    0.000000
  0.000000    1.000000    0.000000
  0.000000    0.000000    1.000000
  0.000000    -3.932484    0.000000
shaft_8
  1.000000    0.000000    0.000000
  0.000000    1.000000    0.000000
  0.000000    0.000000    1.000000
  0.000000    -3.932494    0.000000
length
  1.000000    0.000000    0.000000
  0.000000    1.000000    0.000000
  0.000000    0.000000    1.000000
  0.000000    -3.932474    0.000000
hosel
  1.000000    0.000000    0.000000
  0.000000    1.000000    0.000000
  0.000000    0.000000    1.000000
  0.000000    -1.500000    0.000000
shafttemp_1
  0.974599    0.000000    -0.223956
  0.000000    1.000000    0.000000
  0.223956    0.000000    0.974599
  1.322606    1.050951    0.000000
shafttemp_2
  0.974599    0.000000    -0.223956
  0.000000    1.000000    0.000000
  0.223956    0.000000    0.974599
  -1.322606    1.050951    0.000000
lie
  1.000000    0.000000    0.000000
  0.000000    0.857399    -0.514653
  0.000000    0.514653    0.857399
  -0.000560    0.000000    0.000000
loft
  0.985287    -0.170908    0.000000
  0.170908    0.985287    0.000000
  0.000000    0.000000    1.000000
  0.600000    -1.321000    0.856753
clubface
  1.000000    0.000000    0.000000
  0.000000    1.000000    0.000000
  0.000000    0.000000    1.000000
  0.065000    0.866020    1.148210
clubfacetemp_1
  1.000000    0.000000    0.000000
  0.000000    1.000000    0.000000
  0.000000    0.000000    1.000000
  0.000000    1.090773    0.000000
clubfacetemp_2
  1.000000    0.000000    0.000000
  0.000000    1.000000    0.000000
  0.000000    0.000000    1.000000
  0.000000    -1.266691    0.000000
clubfacetemp_3
  1.000000    0.000000    0.000000
  0.000000    1.000000    0.000000
  0.000000    0.000000    1.000000
  0.000000    0.000000    1.189133
ball
  1.000000    0.000000    0.000000
  0.000000    1.000000    0.000000
  0.000000    0.000000    1.000000
  0.000000    0.000000    0.000000
34
  1   -2.36138   5.65081   2.79596
  2   2.63973   5.62315   2.856
  3   -0.00752518   5.28483   -1.49949
  4   -3.88441   1.27621   0.663681
  5   4.0905   1.79801   0.242896
  6   3.4974   -0.12606   -3.49247
  7   0.0219161   2.68048   -1.63728
  8   -3.19139   -0.266007   -3.31983
  9   2.45769   2.92319   -5.22046
  10   -2.18632   2.75689   -5.03745
  11   -8.45487   2.7984   1.60478
  12   8.4127   2.86461   1.07191
  13   3.92261   3.08557   -3.85653
  14   -3.07119   3.69948   -3.78796
  15   -4.46715   -0.474322   0.623568
  16   -0.525092   -2.62722   1.93539
  17   0.756631   -2.40156   2.30649
  18   4.39774   0.587494   0.402442
  19   0.296497   -1.96562   -4.42808
  20   -2.46436   -1.84552   1.96481
  21   0.319675   1.59901   3.02275
  22   -0.385523   1.60777   3.01612
  23   2.21693   -2.11746   1.83686
  24   -0.362622   -1.8284   -4.36168
  25   -3.04105   -0.10478   -0.0291362
  26   2.66533   0.0673514   1.03392
  27   -1.17107   0.792154   0.0342203
  28   1.21356   1.20791   -0.559057
           29   1.239370      -0.479834      -1.568700
           30   1.838570     -11.501800      -0.042849
           31  -0.103576     -11.065400       1.932770
           32   0.268079       1.257780      -2.459350
           33  -3.194950       1.382240      -0.165425
           34  -0.358342       1.255740       1.985310
0
0
10
           35   0.008941       7.847790       0.665915
           36  -0.009390      11.026500       0.990335
           37   1.323660      -1.543470      -1.008460
           38   3.822780      -0.543563      -0.166231
           39  -1.333130      -1.504850      -0.961701
           40  -3.825100      -0.505025      -0.118576
           41   0.021542       8.920470       1.649580
           42  -0.020748       5.900640       1.314600
  43   0   0   0
  44   0   0   0
  45   0   -30   0
  46   0   -30   0
  47   -20   -30   0
  48   -20   -30   0
  49   0   0   0
  50   0   0   0
  51   0   -30   0
  52   0   -30   0
  53   -20   -30   0
  54   -20   -30   0
