Bio Model File
v1.00
0
91
h_waist
  1.000000    0.000000    0.000000
  0.000000    1.000000    0.000000
  0.000000    0.000000    1.000000
  0.000000    0.000000    0.000000
h_torso_2
  1.000000    0.000000    0.000000
  0.000000    1.000000    0.000000
  0.000000    0.000000    1.000000
  0.000000    3.327811    1.200063
h_left_up_leg
  0.999512    0.031234    0.000000
  -0.031219    0.999013    -0.031589
  -0.000987    0.031573    0.999501
  4.254797    -1.663906    1.500078
h_right_up_leg
  0.999512    -0.031235    -0.000001
  0.031220    0.999013    -0.031589
  0.000987    0.031573    0.999501
  -4.254797    -1.663906    1.500078
h_torso_3
  1.000000    0.000000    0.000000
  0.000000    1.000000    0.000000
  0.000000    0.000000    1.000000
  0.000000    3.090111    0.287261
h_left_low_leg
  0.999854    -0.017068    -0.000001
  0.017043    0.998419    -0.053556
  0.000915    0.053549    0.998565
  0.000036    -16.723522    -0.000004
h_right_low_leg
  0.999854    0.017066    -0.000001
  -0.017042    0.998419    -0.053556
  -0.000913    0.053548    0.998565
  -0.000029    -16.756245    0.000040
h_torso_4
  1.000000    0.000000    0.000000
  0.000000    1.000000    0.000000
  0.000000    0.000000    1.000000
  0.000000    3.137651    -0.208625
h_left_foot
  0.999899    -0.014218    0.000464
  0.014127    0.996275    0.085063
  -0.001671    -0.085048    0.996376
  -0.000019    -18.718449    0.000034
h_right_foot
  0.999899    0.014219    -0.000464
  -0.014128    0.996276    0.085062
  0.001672    -0.085046    0.996376
  0.000038    -18.718449    0.000040
h_torso_5
  1.000000    0.000000    0.000000
  0.000000    1.000000    0.000000
  0.000000    0.000000    1.000000
  0.000000    3.327811    -0.535506
h_left_toes
  1.000000    0.000000    0.000000
  0.000000    1.000000    0.000000
  0.000000    0.000000    1.000000
  0.254057    -2.826261    5.424201
h_right_toes
  1.000000    0.000000    0.000000
  0.000000    1.000000    0.000000
  0.000000    0.000000    1.000000
  -0.254080    -2.826272    5.424150
h_torso_6
  1.000000    0.000000    0.000000
  0.000000    1.000000    0.000000
  0.000000    0.000000    1.000000
  0.000000    3.422892    -0.450897
h_torso_7
  1.000000    0.000000    0.000000
  0.000000    1.000000    0.000000
  0.000000    0.000000    1.000000
  0.000000    2.852410    -0.256764
h_neck_1
  1.000000    0.000000    0.000000
  0.000000    1.000000    0.000000
  0.000000    0.000000    1.000000
  0.000000    1.901607    0.719967
h_left_shoulder
  1.000000    0.000000    0.000000
  0.000000    1.000000    0.000000
  0.000000    0.000000    1.000000
  2.852907    1.188504    0.602973
h_right_shoulder
  1.000000    0.000000    0.000000
  0.000000    1.000000    0.000000
  0.000000    0.000000    1.000000
  -2.852907    1.188504    0.602973
h_neck_2
  1.000000    0.000000    0.000000
  0.000000    1.000000    0.000000
  0.000000    0.000000    1.000000
  0.000000    2.281928    0.467979
h_left_up_arm
  0.107309    -0.985446    0.131836
  0.994226    0.106362    -0.014229
  0.000000    0.132601    0.991169
  4.580560    -0.731746    0.000000
h_right_up_arm
  0.107309    0.985446    -0.131836
  -0.994226    0.106362    -0.014229
  0.000000    0.132601    0.991169
  -4.580560    -0.731743    0.000000
h_head
  1.000000    0.000000    0.000000
  0.000000    1.000000    0.000000
  0.000000    0.000000    1.000000
  0.000000    3.371003    0.273290
h_left_low_arm
  0.965801    -0.016052    0.258785
  -0.018863    0.991087    0.131873
  -0.258596    -0.132244    0.956891
  0.000014    -11.815413    -0.000014
  -10.980000
  0.000000  1.000000  0.000000
h_right_low_arm
  0.965801    0.016047    -0.258786
  0.018868    0.991087    0.131871
  0.258596    -0.132244    0.956891
  0.000044    -11.815413    -0.000014
  -10.980000
  0.000000  1.000000  0.000000
h_left_wrist
  0.965926    0.000000    -0.258819
  0.000000    1.000000    0.000000
  0.258819    0.000000    0.965926
  -0.000032    -11.344017    0.000027
h_right_wrist
  0.965926    0.000000    0.258819
  0.000000    1.000000    0.000000
  -0.258819    0.000000    0.965926
  0.000038    -11.344017    0.000026
h_left_hand
  1.000000    0.000000    0.000000
  0.000000    1.000000    0.000000
  0.000000    0.000000    1.000000
  -0.000016    -0.000006    -0.000035
h_right_hand
  1.000000    0.000000    0.000000
  0.000000    1.000000    0.000000
  0.000000    0.000000    1.000000
  0.000002    0.000034    -0.000007
h_left_club
  0.986062    -0.065741    0.152841
  -0.081835    0.608195    0.789558
  -0.144863    -0.791061    0.594337
  -0.926542    -2.421860    -1.644420
h_left_hand_1
  0.933594    -0.091351    -0.346493
  0.085763    0.995819    -0.031463
  0.347919    -0.000342    0.937525
  0.031909    0.002760    -0.289277
h_left_hand_2
  0.933594    -0.091351    -0.346493
  0.085763    0.995819    -0.031463
  0.347919    -0.000342    0.937525
  0.031895    0.002779    -0.289315
h_left_hand_3
  0.933594    -0.091351    -0.346493
  0.085763    0.995819    -0.031463
  0.347919    -0.000342    0.937525
  0.031946    0.002824    -0.289293
h_left_hand_4
  0.933594    -0.091351    -0.346493
  0.085763    0.995819    -0.031463
  0.347919    -0.000342    0.937525
  0.031905    0.002771    -0.289285
h_left_hand_5
  0.933594    -0.091351    -0.346493
  0.085763    0.995819    -0.031463
  0.347919    -0.000342    0.937525
  0.031885    0.002748    -0.289328
h_right_club
  0.955506    0.283306    0.082134
  -0.242492    0.595906    0.765567
  0.167945    -0.751421    0.638091
  2.372440    -0.179687    -3.707020
h_right_hand_1
  0.995820    0.091342    0.000031
  -0.091342    0.995820    0.000341
  0.000000    -0.000342    1.000000
  0.021083    -0.001499    -0.223756
h_right_hand_2
  0.995820    0.091342    0.000031
  -0.091342    0.995820    0.000341
  0.000000    -0.000342    1.000000
  0.021083    -0.001499    -0.223756
h_right_hand_3
  0.995820    0.091342    0.000031
  -0.091342    0.995820    0.000341
  0.000000    -0.000342    1.000000
  0.021083    -0.001499    -0.223756
h_right_hand_4
  0.995820    0.091342    0.000031
  -0.091342    0.995820    0.000341
  0.000000    -0.000342    1.000000
  0.021083    -0.001499    -0.223756
h_right_hand_5
  0.995820    0.091342    0.000031
  -0.091342    0.995820    0.000341
  0.000000    -0.000342    1.000000
  0.021140    -0.001534    -0.223760
h_left_clubhead
  1.000000    0.000000    0.000000
  0.000000    0.993230    -0.116161
  0.000000    0.116161    0.993230
  0.000026    -42.662899    -0.015110
h_left_up_fing_1
  0.247236    -0.066515    -0.966670
  0.313474    0.949481    0.014842
  0.916847    -0.306695    0.255597
  -0.347872    -0.788750    1.541440
h_left_up_fing_2
  0.859491    0.425926    0.282599
  -0.411072    0.904559    -0.113103
  -0.303801    -0.018957    0.952547
  0.321280    -3.807720    1.542860
h_left_up_fing_3
  0.323432    0.884380    0.336546
  -0.911180    0.387013    -0.141323
  -0.255231    -0.260946    0.931002
  0.185812    -4.014240    0.656887
h_left_up_fing_4
  0.142740    0.935399    0.323503
  -0.961852    0.208166    -0.177505
  -0.233380    -0.285825    0.929429
  -0.176056    -3.561640    -0.248437
h_left_up_fing_5
  -0.072616    0.946148    0.315484
  -0.967131    0.010487    -0.254060
  -0.243687    -0.323564    0.914288
  -0.708406    -3.391330    -0.891698
h_right_up_fing_1
  0.983365    -0.063179    -0.170301
  0.094546    0.978574    0.182903
  0.155096    -0.195961    0.968269
  0.604248    -0.341341    1.096560
h_right_up_fing_2
  0.972325    -0.233553    -0.006037
  0.233631    0.971977    0.026017
  -0.000208    -0.026707    0.999643
  -0.090616    -3.685360    1.493430
h_right_up_fing_3
  0.560201    -0.828327    -0.006985
  0.817193    0.554011    -0.158956
  0.135538    0.083340    0.987261
  -0.117483    -3.655030    0.692347
h_right_up_fing_4
  0.551548    -0.829472    0.088155
  0.823551    0.524707    -0.215513
  0.132506    0.191466    0.972514
  0.063370    -3.374060    -0.383986
h_right_up_fing_5
  0.335458    -0.942051    0.002681
  0.924623    0.328704    -0.192420
  0.180388    0.067027    0.981309
  0.122459    -2.865650    -1.147110
h_left_mid_fing_1
  0.990874    -0.021413    0.133078
  0.030916    0.997085    -0.069761
  -0.131197    0.073239    0.988647
  -0.052758    -1.339820    0.018578
h_left_mid_fing_2
  -0.324074    0.945830    0.019540
  -0.943229    -0.324634    0.070229
  0.072768    0.004329    0.997339
  -0.142747    -1.640960    0.217875
h_left_mid_fing_3
  0.311639    0.950159    0.008920
  -0.949211    0.311729    -0.042706
  -0.043359    0.004842    0.999048
  -0.041226    -1.498540    0.014518
h_left_mid_fing_4
  0.452870    0.891356    0.019799
  -0.887388    0.452782    -0.086787
  -0.086323    0.021734    0.996030
  0.030214    -1.528840    -0.040797
h_left_mid_fing_5
  0.537561    0.836843    0.103543
  -0.834835    0.545464    -0.074290
  -0.118648    -0.046506    0.991847
  -0.190489    -1.479530    0.008250
h_right_mid_fing_1
  0.994268    -0.010930    -0.106357
  0.012811    0.999773    0.017021
  0.106147    -0.018286    0.994182
  0.223383    -1.998750    0.219610
h_right_mid_fing_2
  0.109729    -0.988327    -0.105685
  0.986668    0.121164    -0.108657
  0.120194    -0.092354    0.988445
  0.286935    -1.556560    -0.121600
h_right_mid_fing_3
  0.162357    -0.986695    -0.008563
  0.985395    0.162583    -0.050642
  0.051361    -0.000216    0.998680
  -0.078458    -1.449800    -0.079192
h_right_mid_fing_4
  0.465404    -0.882871    -0.062747
  0.883500    0.467653    -0.026981
  0.053165    -0.042880    0.997665
  0.052534    -1.373940    0.080673
h_right_mid_fing_5
  0.390717    -0.917495    -0.074451
  0.920470    0.390182    0.022206
  0.008676    -0.077206    0.996977
  -0.111714    -1.523110    0.049516
h_left_low_fing_1
  0.993063    -0.054819    0.104021
  0.045805    0.995141    0.087153
  -0.108293    -0.081784    0.990749
  -0.165451    -1.700690    0.185401
h_left_low_fing_2
  0.779544    0.618761    0.097190
  -0.617932    0.785106    -0.042057
  -0.102328    -0.027271    0.994377
  0.145714    -0.976425    -0.048944
h_left_low_fing_3
  0.226906    0.972702    0.048628
  -0.970853    0.229867    -0.067860
  -0.077186    -0.031813    0.996509
  -0.001538    -0.903518    -0.027043
h_left_low_fing_4
  0.510614    0.853112    0.107116
  -0.859736    0.508224    0.050610
  -0.011263    -0.117933    0.992958
  -0.249621    -0.856838    0.116751
h_left_low_fing_5
  0.549029    0.835617    -0.017622
  -0.834992    0.549303    0.032482
  0.036822    -0.003119    0.999317
  -0.047054    -0.677236    -0.019745
h_right_low_fing_1
  0.998519    -0.015919    -0.052025
  0.015702    0.999866    -0.004589
  0.052091    0.003765    0.998635
  0.043514    -1.231280    0.138650
h_right_low_fing_2
  0.328728    -0.942766    0.055949
  0.940967    0.321884    -0.104748
  0.080744    0.087080    0.992924
  0.119664    -0.777492    0.044353
h_right_low_fing_3
  0.432087    -0.901758    -0.011554
  0.901368    0.432241    -0.026517
  0.028906    0.001043    0.999582
  -0.119075    -0.899050    -0.098517
h_right_low_fing_4
  0.706513    -0.707520    0.015956
  0.707509    0.706667    0.007303
  -0.016443    0.006129    0.999846
  0.114292    -0.753986    0.040637
h_right_low_fing_5
  0.915429    -0.341244    0.213408
  0.345988    0.938104    0.015910
  -0.205629    0.059272    0.976834
  0.203135    -0.807365    -0.004770
club
  1.000000    0.000000    0.000000
  0.000000    1.000000    0.000000
  0.000000    0.000000    1.000000
  0.000000    0.000000    0.000000
shaft_1
  1.000000    0.000000    0.000000
  0.000000    1.000000    0.000000
  0.000000    0.000000    1.000000
  0.000000    -10.470000    0.000000
shaft_2
  1.000000    0.000000    0.000000
  0.000000    1.000000    0.000000
  0.000000    0.000000    1.000000
  0.000000    -4.138800    0.000000
shaft_3
  1.000000    0.000000    0.000000
  0.000000    1.000000    0.000000
  0.000000    0.000000    1.000000
  0.000000    -3.878800    0.000000
shaft_4
  1.000000    0.000000    0.000000
  0.000000    1.000000    0.000000
  0.000000    0.000000    1.000000
  0.000000    -3.878800    0.000000
shaft_5
  1.000000    0.000000    0.000000
  0.000000    1.000000    0.000000
  0.000000    0.000000    1.000000
  0.000000    -3.878800    0.000000
shaft_6
  1.000000    0.000000    0.000000
  0.000000    1.000000    0.000000
  0.000000    0.000000    1.000000
  0.000000    -3.878800    0.000000
shaft_7
  1.000000    0.000000    0.000000
  0.000000    1.000000    0.000000
  0.000000    0.000000    1.000000
  0.000000    -3.888790    0.000000
shaft_8
  1.000000    0.000000    0.000000
  0.000000    1.000000    0.000000
  0.000000    0.000000    1.000000
  0.000000    -3.878800    0.000000
length
  1.000000    0.000000    0.000000
  0.000000    1.000000    0.000000
  0.000000    0.000000    1.000000
  0.000000    -3.988780    0.000000
hosel
  1.000000    0.000000    0.000000
  0.000000    1.000000    0.000000
  0.000000    0.000000    1.000000
  -0.000000    -2.221400    -0.000000
shafttemp_1
  1.000000    0.000000    0.000000
  0.000000    1.000000    0.000000
  0.000000    0.000000    1.000000
  0.000000    0.000000    0.000000
shafttemp_2
  1.000000    0.000000    0.000000
  0.000000    1.000000    0.000000
  0.000000    0.000000    1.000000
  0.000000    0.000000    0.000000
lie
  1.000000    0.000000    0.000000
  0.000000    0.851814    -0.523845
  0.000000    0.523845    0.851814
  -0.075200    0.000000    0.000000
loft
  0.983662    -0.180026    0.000000
  0.180026    0.983662    0.000000
  0.000000    0.000000    1.000000
  0.660000    -0.964471    0.626334
clubface
  1.000000    0.000000    0.000000
  0.000000    1.000000    0.000000
  0.000000    0.000000    1.000000
  0.140000    0.965100    1.383200
clubfacetemp_1
  1.000000    0.000000    0.000000
  0.000000    1.000000    0.000000
  0.000000    0.000000    1.000000
  0.000000    0.000000    0.000000
clubfacetemp_2
  1.000000    0.000000    0.000000
  0.000000    1.000000    0.000000
  0.000000    0.000000    1.000000
  0.000000    0.000000    0.000000
clubfacetemp_3
  1.000000    0.000000    0.000000
  0.000000    1.000000    0.000000
  0.000000    0.000000    1.000000
  0.000000    0.000000    0.000000
ball
  1.000000    0.000000    0.000000
  0.000000    1.000000    0.000000
  0.000000    0.000000    1.000000
  0.000000    0.000000    0.000000
32
  1   -2.88622   6.04976   1.15498
  2   2.96652   5.90763   1.19691
  3   -0.139768   6.11622   -3.31661
  4   -4.19763   1.94019   -0.427305
  5   3.77564   2.00078   -0.444628
  6   5.51692   -0.207966   -3.43033
  7   0.0352686   1.8826   -4.09488
  8   -5.449   -0.731899   -3.4183
  9   3.11673   3.61165   -7.07339
  10   -3.4174   4.12646   -6.88639
  11   2.63463   3.74133   -5.41683
  12   -0.862608   3.27704   -5.63775
  13   -2.99904   3.26256   -5.46012
  14   -3.82868   0.173808   0.047732
  15   -0.236681   -1.63361   3.70646
  16   0.102851   -2.20838   3.44335
  17   3.68416   -0.19862   -0.919674
  18   -0.15413   -1.69431   -4.07693
  19   -3.22718   -2.4951   2.46078
  20   -0.593945   1.37139   2.09889
  21   1.53734   2.06355   2.09757
  22   3.57747   -1.75333   1.61746
  23   0.0920282   -1.17278   -4.27974
  24   -2.80908   0.0313964   -0.0596116
  25   2.58765   -0.030429   0.00543936
  26   1.60461   -10.1706   0.302112
           27   1.609270      -0.595232      -1.414160
           28   1.364780     -11.619400      -1.310840
           29  -0.571146     -11.052200       1.950210
           30   0.217842       1.361540      -2.858670
           31  -2.986640       0.999610      -0.972603
           32  -0.718211       1.143140       1.819560
0
0
10
           33   0.093745       7.612330       0.776857
           34  -0.099435      10.687200       1.200470
           35   1.873850      -1.641930      -0.866287
           36   4.351400      -0.801868      -0.263427
           37  -1.522630      -1.934320      -0.821409
           38  -4.717490      -0.418727      -0.218517
           39   0.111452       9.946630       0.971246
           40  -0.106421       6.292410       2.032860
  41   0   0   0
  42   0   0   0
  43   0   -30   0
  44   0   -30   0
  45   -20   -30   0
  46   -20   -30   0
  47   0   0   0
  48   0   0   0
  49   0   -30   0
  50   0   -30   0
  51   -20   -30   0
  52   -20   -30   0
