Bio Model File
v1.00
0
91
h_waist
  1.000000    0.000000    0.000000
  0.000000    1.000000    0.000000
  0.000000    0.000000    1.000000
  0.000000    0.000000    0.000000
h_torso_2
  1.000000    0.000000    0.000000
  0.000000    1.000000    0.000000
  0.000000    0.000000    1.000000
  0.000000    3.133664    0.929825
h_left_up_leg
  0.999512    0.031234    0.000000
  -0.031219    0.999013    -0.031589
  -0.000987    0.031573    0.999501
  4.012709    -1.566832    1.162281
h_right_up_leg
  0.999512    -0.031235    -0.000001
  0.031220    0.999013    -0.031589
  0.000987    0.031573    0.999501
  -4.012709    -1.566832    1.162281
h_torso_3
  1.000000    0.000000    0.000000
  0.000000    1.000000    0.000000
  0.000000    0.000000    1.000000
  0.000000    2.909831    0.231184
h_left_low_leg
  0.999854    -0.017068    -0.000001
  0.017043    0.998419    -0.053556
  0.000915    0.053549    0.998565
  0.000034    -16.013205    -0.000003
h_right_low_leg
  0.999854    0.017066    -0.000001
  -0.017042    0.998419    -0.053556
  -0.000913    0.053548    0.998565
  -0.000027    -16.044535    0.000031
h_torso_4
  1.000000    0.000000    0.000000
  0.000000    1.000000    0.000000
  0.000000    0.000000    1.000000
  0.000000    2.954598    -0.174732
h_left_foot
  0.999899    -0.014218    0.000464
  0.014127    0.996275    0.085063
  -0.001671    -0.085048    0.996376
  -0.000018    -17.710218    0.000026
h_right_foot
  0.999899    0.014219    -0.000464
  -0.014128    0.996276    0.085062
  0.001672    -0.085046    0.996376
  0.000036    -17.710218    0.000031
h_torso_5
  1.000000    0.000000    0.000000
  0.000000    1.000000    0.000000
  0.000000    0.000000    1.000000
  0.000000    3.133664    -0.466575
h_left_toes
  1.000000    0.000000    0.000000
  0.000000    1.000000    0.000000
  0.000000    0.000000    1.000000
  0.250603    -2.787834    5.326400
h_right_toes
  1.000000    0.000000    0.000000
  0.000000    1.000000    0.000000
  0.000000    0.000000    1.000000
  -0.250625    -2.787844    5.326350
h_torso_6
  1.000000    0.000000    0.000000
  0.000000    1.000000    0.000000
  0.000000    0.000000    1.000000
  0.000000    3.223197    -0.409528
h_torso_7
  1.000000    0.000000    0.000000
  0.000000    1.000000    0.000000
  0.000000    0.000000    1.000000
  0.000000    2.685998    -0.244342
h_neck_1
  1.000000    0.000000    0.000000
  0.000000    1.000000    0.000000
  0.000000    0.000000    1.000000
  0.000000    1.790665    0.719904
h_left_shoulder
  1.000000    0.000000    0.000000
  0.000000    1.000000    0.000000
  0.000000    0.000000    1.000000
  2.443871    1.119166    0.602920
h_right_shoulder
  1.000000    0.000000    0.000000
  0.000000    1.000000    0.000000
  0.000000    0.000000    1.000000
  -2.443871    1.119166    0.602920
h_neck_2
  1.000000    0.000000    0.000000
  0.000000    1.000000    0.000000
  0.000000    0.000000    1.000000
  0.000000    2.148798    0.467938
h_left_up_arm
  0.107309    -0.985446    0.131836
  0.994226    0.106362    -0.014229
  0.000000    0.132601    0.991169
  3.923820    -0.689055    0.000000
h_right_up_arm
  0.107309    0.985446    -0.131836
  -0.994226    0.106362    -0.014229
  0.000000    0.132601    0.991169
  -3.923820    -0.689052    0.000000
h_head
  1.000000    0.000000    0.000000
  0.000000    1.000000    0.000000
  0.000000    0.000000    1.000000
  0.000000    3.231424    0.269967
h_left_low_arm
  0.965801    -0.016052    0.258785
  -0.018863    0.991087    0.131873
  -0.258596    -0.132244    0.956891
  0.000014    -11.175549    -0.000013
  -10.980000
  0.000000  1.000000  0.000000
h_right_low_arm
  0.965801    0.016047    -0.258786
  0.018868    0.991087    0.131871
  0.258596    -0.132244    0.956891
  0.000044    -11.175549    -0.000013
  -10.980000
  0.000000  1.000000  0.000000
h_left_wrist
  0.965926    0.000000    -0.258819
  0.000000    1.000000    0.000000
  0.258819    0.000000    0.965926
  -0.000032    -10.659363    0.000027
h_right_wrist
  0.965926    0.000000    0.258819
  0.000000    1.000000    0.000000
  -0.258819    0.000000    0.965926
  0.000038    -10.659363    0.000026
h_left_hand
  1.000000    0.000000    0.000000
  0.000000    1.000000    0.000000
  0.000000    0.000000    1.000000
  -0.000016    -0.000006    -0.000035
h_right_hand
  1.000000    0.000000    0.000000
  0.000000    1.000000    0.000000
  0.000000    0.000000    1.000000
  0.000002    0.000034    -0.000007
h_left_club
  0.986062    -0.065741    0.152841
  -0.081835    0.608195    0.789558
  -0.144863    -0.791061    0.594337
  -0.926542    -2.421860    -1.644420
h_left_hand_1
  0.933594    -0.091351    -0.346493
  0.085763    0.995819    -0.031463
  0.347919    -0.000342    0.937525
  0.031909    0.002760    -0.289277
h_left_hand_2
  0.933594    -0.091351    -0.346493
  0.085763    0.995819    -0.031463
  0.347919    -0.000342    0.937525
  0.031895    0.002779    -0.289315
h_left_hand_3
  0.933594    -0.091351    -0.346493
  0.085763    0.995819    -0.031463
  0.347919    -0.000342    0.937525
  0.031946    0.002824    -0.289293
h_left_hand_4
  0.933594    -0.091351    -0.346493
  0.085763    0.995819    -0.031463
  0.347919    -0.000342    0.937525
  0.031905    0.002771    -0.289285
h_left_hand_5
  0.933594    -0.091351    -0.346493
  0.085763    0.995819    -0.031463
  0.347919    -0.000342    0.937525
  0.031885    0.002748    -0.289328
h_right_club
  0.955506    0.283306    0.082134
  -0.242492    0.595906    0.765567
  0.167945    -0.751421    0.638091
  2.372440    -0.179687    -3.707020
h_right_hand_1
  0.995820    0.091342    0.000031
  -0.091342    0.995820    0.000341
  0.000000    -0.000342    1.000000
  0.021083    -0.001499    -0.223756
h_right_hand_2
  0.995820    0.091342    0.000031
  -0.091342    0.995820    0.000341
  0.000000    -0.000342    1.000000
  0.021083    -0.001499    -0.223756
h_right_hand_3
  0.995820    0.091342    0.000031
  -0.091342    0.995820    0.000341
  0.000000    -0.000342    1.000000
  0.021083    -0.001499    -0.223756
h_right_hand_4
  0.995820    0.091342    0.000031
  -0.091342    0.995820    0.000341
  0.000000    -0.000342    1.000000
  0.021083    -0.001499    -0.223756
h_right_hand_5
  0.995820    0.091342    0.000031
  -0.091342    0.995820    0.000341
  0.000000    -0.000342    1.000000
  0.021140    -0.001534    -0.223760
h_left_clubhead
  1.000000    0.000000    0.000000
  0.000000    0.993230    -0.116161
  0.000000    0.116161    0.993230
  0.000026    -42.662899    -0.015110
h_left_up_fing_1
  0.247236    -0.066515    -0.966670
  0.313474    0.949481    0.014842
  0.916847    -0.306695    0.255597
  -0.347872    -0.788750    1.541440
h_left_up_fing_2
  0.859491    0.425926    0.282599
  -0.411072    0.904559    -0.113103
  -0.303801    -0.018957    0.952547
  0.321280    -3.807720    1.542860
h_left_up_fing_3
  0.323432    0.884380    0.336546
  -0.911180    0.387013    -0.141323
  -0.255231    -0.260946    0.931002
  0.185812    -4.014240    0.656887
h_left_up_fing_4
  0.142740    0.935399    0.323503
  -0.961852    0.208166    -0.177505
  -0.233380    -0.285825    0.929429
  -0.176056    -3.561640    -0.248437
h_left_up_fing_5
  -0.072616    0.946148    0.315484
  -0.967131    0.010487    -0.254060
  -0.243687    -0.323564    0.914288
  -0.708406    -3.391330    -0.891698
h_right_up_fing_1
  0.983365    -0.063179    -0.170301
  0.094546    0.978574    0.182903
  0.155096    -0.195961    0.968269
  0.604248    -0.341341    1.096560
h_right_up_fing_2
  0.972325    -0.233553    -0.006037
  0.233631    0.971977    0.026017
  -0.000208    -0.026707    0.999643
  -0.090616    -3.685360    1.493430
h_right_up_fing_3
  0.560201    -0.828327    -0.006985
  0.817193    0.554011    -0.158956
  0.135538    0.083340    0.987261
  -0.117483    -3.655030    0.692347
h_right_up_fing_4
  0.551548    -0.829472    0.088155
  0.823551    0.524707    -0.215513
  0.132506    0.191466    0.972514
  0.063370    -3.374060    -0.383986
h_right_up_fing_5
  0.335458    -0.942051    0.002681
  0.924623    0.328704    -0.192420
  0.180388    0.067027    0.981309
  0.122459    -2.865650    -1.147110
h_left_mid_fing_1
  0.990874    -0.021413    0.133078
  0.030916    0.997085    -0.069761
  -0.131197    0.073239    0.988647
  -0.052758    -1.339820    0.018578
h_left_mid_fing_2
  -0.324074    0.945830    0.019540
  -0.943229    -0.324634    0.070229
  0.072768    0.004329    0.997339
  -0.142747    -1.640960    0.217875
h_left_mid_fing_3
  0.311639    0.950159    0.008920
  -0.949211    0.311729    -0.042706
  -0.043359    0.004842    0.999048
  -0.041226    -1.498540    0.014518
h_left_mid_fing_4
  0.452870    0.891356    0.019799
  -0.887388    0.452782    -0.086787
  -0.086323    0.021734    0.996030
  0.030214    -1.528840    -0.040797
h_left_mid_fing_5
  0.537561    0.836843    0.103543
  -0.834835    0.545464    -0.074290
  -0.118648    -0.046506    0.991847
  -0.190489    -1.479530    0.008250
h_right_mid_fing_1
  0.994268    -0.010930    -0.106357
  0.012811    0.999773    0.017021
  0.106147    -0.018286    0.994182
  0.223383    -1.998750    0.219610
h_right_mid_fing_2
  0.109729    -0.988327    -0.105685
  0.986668    0.121164    -0.108657
  0.120194    -0.092354    0.988445
  0.286935    -1.556560    -0.121600
h_right_mid_fing_3
  0.162357    -0.986695    -0.008563
  0.985395    0.162583    -0.050642
  0.051361    -0.000216    0.998680
  -0.078458    -1.449800    -0.079192
h_right_mid_fing_4
  0.465404    -0.882871    -0.062747
  0.883500    0.467653    -0.026981
  0.053165    -0.042880    0.997665
  0.052534    -1.373940    0.080673
h_right_mid_fing_5
  0.390717    -0.917495    -0.074451
  0.920470    0.390182    0.022206
  0.008676    -0.077206    0.996977
  -0.111714    -1.523110    0.049516
h_left_low_fing_1
  0.993063    -0.054819    0.104021
  0.045805    0.995141    0.087153
  -0.108293    -0.081784    0.990749
  -0.165451    -1.700690    0.185401
h_left_low_fing_2
  0.779544    0.618761    0.097190
  -0.617932    0.785106    -0.042057
  -0.102328    -0.027271    0.994377
  0.145714    -0.976425    -0.048944
h_left_low_fing_3
  0.226906    0.972702    0.048628
  -0.970853    0.229867    -0.067860
  -0.077186    -0.031813    0.996509
  -0.001538    -0.903518    -0.027043
h_left_low_fing_4
  0.510614    0.853112    0.107116
  -0.859736    0.508224    0.050610
  -0.011263    -0.117933    0.992958
  -0.249621    -0.856838    0.116751
h_left_low_fing_5
  0.549029    0.835617    -0.017622
  -0.834992    0.549303    0.032482
  0.036822    -0.003119    0.999317
  -0.047054    -0.677236    -0.019745
h_right_low_fing_1
  0.998519    -0.015919    -0.052025
  0.015702    0.999866    -0.004589
  0.052091    0.003765    0.998635
  0.043514    -1.231280    0.138650
h_right_low_fing_2
  0.328728    -0.942766    0.055949
  0.940967    0.321884    -0.104748
  0.080744    0.087080    0.992924
  0.119664    -0.777492    0.044353
h_right_low_fing_3
  0.432087    -0.901758    -0.011554
  0.901368    0.432241    -0.026517
  0.028906    0.001043    0.999582
  -0.119075    -0.899050    -0.098517
h_right_low_fing_4
  0.706513    -0.707520    0.015956
  0.707509    0.706667    0.007303
  -0.016443    0.006129    0.999846
  0.114292    -0.753986    0.040637
h_right_low_fing_5
  0.915429    -0.341244    0.213408
  0.345988    0.938104    0.015910
  -0.205629    0.059272    0.976834
  0.203135    -0.807365    -0.004770
club
  1.000000    0.000000    0.000000
  0.000000    1.000000    0.000000
  0.000000    0.000000    1.000000
  0.000000    0.000000    0.000000
shaft_1
  1.000000    0.000000    0.000000
  0.000000    1.000000    0.000000
  0.000000    0.000000    1.000000
  0.000000    -10.470000    0.000000
shaft_2
  1.000000    0.000000    0.000000
  0.000000    1.000000    0.000000
  0.000000    0.000000    1.000000
  0.000000    -4.138800    0.000000
shaft_3
  1.000000    0.000000    0.000000
  0.000000    1.000000    0.000000
  0.000000    0.000000    1.000000
  0.000000    -3.878800    0.000000
shaft_4
  1.000000    0.000000    0.000000
  0.000000    1.000000    0.000000
  0.000000    0.000000    1.000000
  0.000000    -3.878800    0.000000
shaft_5
  1.000000    0.000000    0.000000
  0.000000    1.000000    0.000000
  0.000000    0.000000    1.000000
  0.000000    -3.878800    0.000000
shaft_6
  1.000000    0.000000    0.000000
  0.000000    1.000000    0.000000
  0.000000    0.000000    1.000000
  0.000000    -3.878800    0.000000
shaft_7
  1.000000    0.000000    0.000000
  0.000000    1.000000    0.000000
  0.000000    0.000000    1.000000
  0.000000    -3.888790    0.000000
shaft_8
  1.000000    0.000000    0.000000
  0.000000    1.000000    0.000000
  0.000000    0.000000    1.000000
  0.000000    -3.878800    0.000000
length
  1.000000    0.000000    0.000000
  0.000000    1.000000    0.000000
  0.000000    0.000000    1.000000
  0.000000    -3.988780    0.000000
hosel
  1.000000    0.000000    0.000000
  0.000000    1.000000    0.000000
  0.000000    0.000000    1.000000
  -0.000000    -2.221400    -0.000000
shafttemp_1
  1.000000    0.000000    0.000000
  0.000000    1.000000    0.000000
  0.000000    0.000000    1.000000
  0.000000    0.000000    0.000000
shafttemp_2
  1.000000    0.000000    0.000000
  0.000000    1.000000    0.000000
  0.000000    0.000000    1.000000
  0.000000    0.000000    0.000000
lie
  1.000000    0.000000    0.000000
  0.000000    0.851814    -0.523845
  0.000000    0.523845    0.851814
  -0.075200    0.000000    0.000000
loft
  0.983662    -0.180026    0.000000
  0.180026    0.983662    0.000000
  0.000000    0.000000    1.000000
  0.660000    -0.964471    0.626334
clubface
  1.000000    0.000000    0.000000
  0.000000    1.000000    0.000000
  0.000000    0.000000    1.000000
  0.140000    0.965100    1.383200
clubfacetemp_1
  1.000000    0.000000    0.000000
  0.000000    1.000000    0.000000
  0.000000    0.000000    1.000000
  0.000000    0.000000    0.000000
clubfacetemp_2
  1.000000    0.000000    0.000000
  0.000000    1.000000    0.000000
  0.000000    0.000000    1.000000
  0.000000    0.000000    0.000000
clubfacetemp_3
  1.000000    0.000000    0.000000
  0.000000    1.000000    0.000000
  0.000000    0.000000    1.000000
  0.000000    0.000000    0.000000
ball
  1.000000    0.000000    0.000000
  0.000000    1.000000    0.000000
  0.000000    0.000000    1.000000
  0.000000    0.000000    0.000000
32
  1   -2.98563   5.39427   0.889709
  2   2.76427   5.66935   0.864617
  3   0.106953   5.70172   -3.16745
  4   -3.28047   1.79754   0.0032188
  5   3.58398   1.90435   0.528235
  6   5.16699   0.104936   -2.57479
  7   0.20161   1.4994   -3.21666
  8   -4.68154   0.0305993   -2.67683
  9   3.98495   3.57094   -5.56725
  10   -3.03469   2.71935   -5.4222
  11   5.0358   4.94075   -2.89535
  12   -1.2421   4.88536   -3.85667
  13   -6.54202   4.66733   -1.49398
  14   -3.35377   0.124723   0.117909
  15   0.28414   -2.76113   1.66494
  16   -0.437235   -3.32006   1.80019
  17   4.07606   0.0650772   -0.922036
  18   -0.26579   -1.65714   -3.88093
  19   -3.09542   -1.97886   1.63101
  20   -0.782255   1.61751   2.74881
  21   0.622206   1.32514   2.77213
  22   3.00931   -2.35252   1.71932
  23   0.0788955   -1.89795   -3.84195
  24   -2.632   -0.362615   0.442626
  25   2.5027   0.339749   0.0644551
  26   1.09318   -10.1578   0.195904
           27   1.609270      -0.595232      -1.414160
           28   1.364780     -11.619400      -1.310840
           29  -0.571146     -11.052200       1.950210
           30   0.217842       1.361540      -2.858670
           31  -2.986640       0.999610      -0.972603
           32  -0.718211       1.143140       1.819560
0
0
10
           33  -0.026543       7.168660       0.624201
           34   0.029089      10.065000       0.993951
           35   1.312270      -1.832440      -0.866251
           36   4.032140      -0.479960      -0.263380
           37  -1.316890      -1.791700      -0.821358
           38  -4.035970      -0.433113      -0.218469
           39   0.023266       9.592190       0.832418
           40  -0.061254       6.032720       2.092610
  41   0   0   0
  42   0   0   0
  43   0   -30   0
  44   0   -30   0
  45   -20   -30   0
  46   -20   -30   0
  47   0   0   0
  48   0   0   0
  49   0   -30   0
  50   0   -30   0
  51   -20   -30   0
  52   -20   -30   0
